"timestamp (abs)","timestamp (rel)","sample rate (Hz)","Channel-7","Channel-6","IO3","IO2","IO1","IO0","CSB","CLK"
0,-1223,200000000,0,0,1,1,0,0,0,1
16,-1207,200000000,0,0,1,1,0,0,0,0
32,-1191,200000000,0,0,1,1,0,0,0,1
50,-1173,200000000,0,0,1,1,0,0,0,0
66,-1157,200000000,0,0,1,1,0,0,0,1
82,-1141,200000000,0,0,1,1,0,0,0,0
100,-1123,200000000,0,0,1,1,0,0,0,1
116,-1107,200000000,0,0,1,1,0,0,0,0
118,-1105,200000000,0,0,1,1,1,0,0,0
132,-1091,200000000,0,0,1,1,1,0,0,1
150,-1073,200000000,0,0,1,1,0,0,0,0
166,-1057,200000000,0,0,1,1,0,0,0,1
182,-1041,200000000,0,0,1,1,0,0,0,0
200,-1023,200000000,0,0,1,1,0,0,0,1
216,-1007,200000000,0,0,1,1,0,0,0,0
232,-991,200000000,0,0,1,1,0,0,0,1
250,-973,200000000,0,0,1,1,1,0,0,0
266,-957,200000000,0,0,1,1,1,0,0,1
282,-941,200000000,0,0,1,1,1,0,0,0
284,-939,200000000,0,0,1,1,0,0,0,0
300,-923,200000000,0,0,1,1,0,0,0,1
316,-907,200000000,0,0,1,1,0,0,0,0
318,-905,200000000,0,0,1,1,1,0,0,0
332,-891,200000000,0,0,1,1,1,0,1,0
350,-873,200000000,0,0,1,1,1,0,0,0
358,-865,200000000,0,0,1,1,1,1,0,0
366,-857,200000000,0,0,1,1,1,1,0,1
382,-841,200000000,0,0,1,1,1,1,0,0
400,-823,200000000,0,0,1,1,1,1,0,1
416,-807,200000000,0,0,1,1,1,1,0,0
432,-791,200000000,0,0,1,1,1,1,0,1
450,-773,200000000,0,0,1,1,1,1,0,0
466,-757,200000000,0,0,1,1,1,1,0,1
482,-741,200000000,0,0,1,1,1,1,0,0
500,-723,200000000,0,0,1,1,1,1,0,1
516,-707,200000000,0,0,1,1,1,1,0,0
532,-691,200000000,0,0,1,1,1,1,0,1
550,-673,200000000,0,0,1,1,1,1,0,0
566,-657,200000000,0,0,1,1,1,1,0,1
582,-641,200000000,0,0,1,1,1,1,0,0
600,-623,200000000,0,0,1,1,1,1,0,1
616,-607,200000000,0,0,1,1,1,1,0,0
624,-599,200000000,0,0,1,1,1,0,0,0
632,-591,200000000,0,0,1,1,1,0,1,0
650,-573,200000000,0,0,1,1,1,0,0,0
658,-565,200000000,0,0,1,1,1,1,0,0
666,-557,200000000,0,0,1,1,1,1,0,1
682,-541,200000000,0,0,1,1,1,1,0,0
692,-531,200000000,0,0,1,1,1,0,0,0
700,-523,200000000,0,0,1,1,1,0,0,1
716,-507,200000000,0,0,1,1,1,0,0,0
724,-499,200000000,0,0,1,1,1,1,0,0
732,-491,200000000,0,0,1,1,1,1,0,1
750,-473,200000000,0,0,1,1,1,1,0,0
758,-465,200000000,0,0,1,1,1,0,0,0
766,-457,200000000,0,0,1,1,1,0,0,1
782,-441,200000000,0,0,1,1,1,0,0,0
790,-433,200000000,0,0,1,1,1,1,0,0
800,-423,200000000,0,0,1,1,1,1,0,1
816,-407,200000000,0,0,1,1,1,1,0,0
824,-399,200000000,0,0,1,1,1,0,0,0
832,-391,200000000,0,0,1,1,1,0,0,1
850,-373,200000000,0,0,1,1,1,0,0,0
858,-365,200000000,0,0,1,1,1,1,0,0
866,-357,200000000,0,0,1,1,1,1,0,1
882,-341,200000000,0,0,1,1,1,1,0,0
900,-323,200000000,0,0,1,1,1,1,0,1
916,-307,200000000,0,0,1,1,1,1,0,0
924,-299,200000000,0,0,1,1,1,0,0,0
932,-291,200000000,0,0,1,1,1,0,1,0
950,-273,200000000,0,0,1,1,1,0,0,0
958,-265,200000000,0,0,1,1,1,1,0,0
966,-257,200000000,0,0,1,1,1,1,0,1
982,-241,200000000,0,0,1,1,1,1,0,0
1000,-223,200000000,0,0,1,1,1,1,0,1
1016,-207,200000000,0,0,1,1,1,1,0,0
1032,-191,200000000,0,0,1,1,1,1,0,1
1050,-173,200000000,0,0,1,1,1,1,0,0
1058,-165,200000000,0,0,1,1,1,0,0,0
1066,-157,200000000,0,0,1,1,1,0,0,1
1082,-141,200000000,0,0,1,1,1,0,0,0
1090,-133,200000000,0,0,1,1,1,1,0,0
1100,-123,200000000,0,0,1,1,1,1,0,1
1116,-107,200000000,0,0,1,1,1,1,0,0
1132,-91,200000000,0,0,1,1,1,1,0,1
1150,-73,200000000,0,0,1,1,1,1,0,0
1158,-65,200000000,0,0,1,1,1,0,0,0
1166,-57,200000000,0,0,1,1,1,0,0,1
1182,-41,200000000,0,0,1,1,1,0,0,0
1190,-33,200000000,0,0,1,1,1,1,0,0
1200,-23,200000000,0,0,1,1,1,1,0,1
1216,-7,200000000,1,1,0,0,1,1,0,0
1218,-5,200000000,0,0,0,0,0,1,0,0
1232,9,200000000,0,0,0,0,0,1,0,1
1242,19,200000000,0,0,0,0,0,0,0,1
1250,27,200000000,0,0,0,0,0,0,0,0
1258,35,200000000,0,0,0,0,0,1,0,0
1266,43,200000000,0,0,0,0,0,1,0,1
1274,51,200000000,0,0,0,0,0,0,0,1
1282,59,200000000,0,0,0,0,0,0,0,0
1292,69,200000000,0,0,0,1,0,0,0,0
1300,77,200000000,0,0,0,1,0,0,0,1
1308,85,200000000,0,0,1,1,0,0,0,1
1316,93,200000000,0,0,1,1,0,0,0,0
1324,101,200000000,0,0,1,1,1,1,0,0
1332,109,200000000,0,0,1,1,1,1,0,1
1350,127,200000000,0,0,1,1,1,1,0,0
1366,143,200000000,0,0,1,1,1,1,0,1
1382,159,200000000,0,0,1,1,1,1,0,0
1400,177,200000000,0,0,1,1,1,1,0,1
1416,193,200000000,0,0,1,1,1,1,0,0
1432,209,200000000,0,0,1,1,1,1,0,1
1450,227,200000000,0,0,1,1,1,1,0,0
1466,243,200000000,0,0,1,1,1,1,0,1
1482,259,200000000,0,0,1,1,1,1,0,0
1500,277,200000000,0,0,1,1,1,1,0,1
1516,293,200000000,0,0,1,1,1,1,0,0
1532,309,200000000,0,0,1,1,1,1,0,1
1550,327,200000000,0,0,1,1,1,1,0,0
1566,343,200000000,0,0,1,1,1,1,0,1
1582,359,200000000,0,0,1,1,1,1,0,0
1600,377,200000000,0,0,1,1,1,1,0,1
1616,393,200000000,0,0,1,1,1,1,0,0
1618,395,200000000,0,0,0,1,1,0,0,0
1632,409,200000000,0,0,0,1,1,0,0,1
1634,411,200000000,0,0,1,1,1,1,0,1
1650,427,200000000,0,0,1,1,0,0,0,0
1652,429,200000000,0,0,0,0,0,0,0,0
1666,443,200000000,0,0,0,0,0,0,0,1
1682,459,200000000,0,0,0,0,0,0,0,0
1684,461,200000000,0,0,1,1,0,0,0,0
1700,477,200000000,1,0,0,0,0,0,0,1
1702,479,200000000,0,0,0,0,0,0,0,1
1716,493,200000000,0,0,0,0,0,0,0,0
1732,509,200000000,0,0,0,0,0,0,0,1
1750,527,200000000,0,0,1,0,0,0,0,0
1766,543,200000000,0,0,1,0,0,0,0,1
1768,545,200000000,0,0,0,0,1,1,0,1
1782,559,200000000,0,0,0,0,1,1,0,0
1784,561,200000000,0,0,0,0,1,0,0,0
1800,577,200000000,0,0,0,1,1,1,0,1
1816,593,200000000,0,0,0,1,1,1,0,0
1818,595,200000000,0,0,1,1,0,0,0,0
1832,609,200000000,0,0,1,1,0,0,0,1
1834,611,200000000,0,0,0,1,0,0,0,1
1848,625,200000000,0,0,0,1,0,0,1,1
1850,627,200000000,0,0,0,1,0,0,1,0
1866,643,200000000,0,0,1,1,0,0,0,0
1874,651,200000000,0,0,1,1,0,1,0,0
1882,659,200000000,0,0,1,1,0,1,0,1
1900,677,200000000,0,0,1,1,0,1,0,0
1916,693,200000000,0,0,1,1,0,1,0,1
1932,709,200000000,0,0,1,1,0,1,0,0
1950,727,200000000,0,0,1,1,0,1,0,1
1966,743,200000000,0,0,1,1,0,1,0,0
1974,751,200000000,0,0,1,1,0,0,0,0
1982,759,200000000,0,0,1,1,0,0,0,1
2000,777,200000000,0,0,1,1,0,0,0,0
2008,785,200000000,0,0,1,1,1,1,0,0
2016,793,200000000,0,0,1,1,1,1,0,1
2032,809,200000000,0,0,1,1,1,1,0,0
2050,827,200000000,0,0,1,1,1,1,0,1
2066,843,200000000,0,0,1,1,1,1,0,0
2074,851,200000000,0,0,1,1,1,0,0,0
2082,859,200000000,0,0,1,1,1,0,0,1
2100,877,200000000,0,0,1,1,1,0,0,0
2108,885,200000000,0,0,1,1,1,1,0,0
2116,893,200000000,0,0,1,1,1,1,0,1
2132,909,200000000,0,0,1,1,1,1,0,0
2134,911,200000000,0,0,0,0,0,1,0,0
2150,927,200000000,0,0,0,0,0,1,0,1
2158,935,200000000,0,0,0,0,0,0,0,1
2166,943,200000000,0,0,0,0,0,0,0,0
2174,951,200000000,0,0,0,0,0,1,0,0
2182,959,200000000,0,0,0,0,0,1,0,1
2192,969,200000000,0,0,0,0,0,0,0,1
2200,977,200000000,0,0,0,0,0,0,0,0
2208,985,200000000,0,0,0,1,0,1,0,0
2216,993,200000000,0,0,0,1,0,1,0,1
2224,1001,200000000,0,0,1,0,0,0,0,1
2232,1009,200000000,0,0,1,0,0,0,0,0
2240,1017,200000000,0,0,1,0,1,0,0,0
2242,1019,200000000,1,0,1,1,1,1,0,0
2244,1021,200000000,0,0,1,1,1,1,0,0
2250,1027,200000000,0,0,1,1,1,1,0,1
2266,1043,200000000,0,0,1,1,1,1,0,0
2282,1059,200000000,0,0,1,1,1,1,0,1
2300,1077,200000000,0,0,1,1,1,1,0,0
2316,1093,200000000,0,0,1,1,1,1,0,1
2332,1109,200000000,0,0,1,1,1,1,0,0
2350,1127,200000000,0,0,1,1,1,1,0,1
2366,1143,200000000,0,0,1,1,1,1,0,0
2382,1159,200000000,0,0,1,1,1,1,0,1
2400,1177,200000000,0,0,1,1,1,1,0,0
2416,1193,200000000,0,0,1,1,1,1,0,1
2432,1209,200000000,0,0,1,1,1,1,0,0
2450,1227,200000000,0,0,1,1,1,1,0,1
2466,1243,200000000,0,0,1,1,1,1,0,0
2482,1259,200000000,0,0,1,1,1,1,0,1
2500,1277,200000000,0,0,1,1,1,1,0,0
2516,1293,200000000,0,0,1,1,1,1,0,1
2532,1309,200000000,0,0,1,1,1,1,0,0
2534,1311,200000000,0,0,0,1,1,0,0,0
2550,1327,200000000,0,0,1,1,1,1,0,1
2566,1343,200000000,0,0,1,1,1,1,0,0
2582,1359,200000000,0,0,1,1,1,1,0,1
2584,1361,200000000,0,0,0,0,0,0,0,1
2600,1377,200000000,0,0,0,1,0,1,0,0
2616,1393,200000000,0,0,0,1,0,1,0,1
2618,1395,200000000,0,0,1,1,1,1,0,1
2632,1409,200000000,0,0,1,1,1,1,0,0
2634,1411,200000000,0,0,1,1,0,1,0,0
2650,1427,200000000,1,1,0,0,0,0,0,1
2652,1429,200000000,0,0,0,0,0,0,0,1
2666,1443,200000000,0,0,0,0,0,0,0,0
2668,1445,200000000,0,0,0,0,1,1,0,0
2682,1459,200000000,0,0,0,0,1,1,0,1
2684,1461,200000000,0,0,0,0,0,0,0,1
2700,1477,200000000,0,0,0,0,1,1,0,0
2716,1493,200000000,0,0,0,0,1,1,0,1
2718,1495,200000000,0,0,0,0,0,1,0,1
2732,1509,200000000,0,0,0,0,0,1,0,0
2734,1511,200000000,0,0,0,0,1,1,0,0
2750,1527,200000000,0,0,0,0,1,0,0,1
2766,1543,200000000,0,0,0,0,1,0,1,0
2768,1545,200000000,0,0,0,0,0,0,1,0
2782,1559,200000000,0,0,0,0,0,0,0,0
2784,1561,200000000,0,0,1,0,0,0,0,0
2788,1565,200000000,0,0,1,1,0,0,0,0
2790,1567,200000000,0,0,1,1,0,1,0,0
2792,1569,200000000,0,0,1,1,1,1,0,0
2800,1577,200000000,0,0,1,1,1,1,0,1
2816,1593,200000000,0,0,1,1,1,1,0,0
2832,1609,200000000,0,0,1,1,1,1,0,1
2850,1627,200000000,0,0,1,1,1,1,0,0
2866,1643,200000000,0,0,1,1,1,1,0,1
2882,1659,200000000,0,0,1,1,1,1,0,0
2892,1669,200000000,0,0,1,1,1,0,0,0
2900,1677,200000000,0,0,1,1,1,0,0,1
2916,1693,200000000,0,0,1,1,1,0,0,0
2924,1701,200000000,0,0,1,1,1,1,0,0
2932,1709,200000000,0,0,1,1,1,1,0,1
2950,1727,200000000,0,0,1,1,1,1,0,0
2966,1743,200000000,0,0,1,1,1,1,0,1
2982,1759,200000000,0,0,1,1,1,1,0,0
2992,1769,200000000,0,0,1,1,1,0,0,0
3000,1777,200000000,0,0,1,1,1,0,0,1
3016,1793,200000000,0,0,1,1,1,0,0,0
3024,1801,200000000,0,0,1,1,1,1,0,0
3032,1809,200000000,0,0,1,1,1,1,0,1
3050,1827,200000000,0,0,0,0,0,1,0,0
3066,1843,200000000,0,0,0,0,0,1,0,1
3074,1851,200000000,0,0,0,0,0,0,0,1
3082,1859,200000000,0,0,0,0,0,0,0,0
3100,1877,200000000,0,0,0,0,0,0,0,1
3108,1885,200000000,0,0,1,1,0,1,0,1
3116,1893,200000000,0,0,1,1,0,1,0,0
3124,1901,200000000,0,0,0,1,0,1,0,0
3132,1909,200000000,0,0,0,1,0,1,0,1
3142,1919,200000000,0,0,1,1,0,0,0,1
3150,1927,200000000,0,0,1,1,0,0,0,0
3158,1935,200000000,0,0,1,1,1,1,0,0
3166,1943,200000000,0,0,1,1,1,1,0,1
3182,1959,200000000,0,0,1,1,1,1,0,0
3200,1977,200000000,0,0,1,1,1,1,0,1
3216,1993,200000000,0,0,1,1,1,1,0,0
3232,2009,200000000,0,0,1,1,1,1,0,1
3250,2027,200000000,0,0,1,1,1,1,0,0
3266,2043,200000000,0,0,1,1,1,1,0,1
3282,2059,200000000,0,0,1,1,1,1,0,0
3300,2077,200000000,0,0,1,1,1,1,0,1
3316,2093,200000000,0,0,1,1,1,1,0,0
3332,2109,200000000,0,0,1,1,1,1,0,1
3350,2127,200000000,0,0,1,1,1,1,0,0
3366,2143,200000000,0,0,1,1,1,1,0,1
3382,2159,200000000,0,0,1,1,1,1,0,0
3400,2177,200000000,0,0,1,1,1,1,0,1
3416,2193,200000000,0,0,1,1,1,1,0,0
3432,2209,200000000,0,0,1,1,1,1,0,1
3450,2227,200000000,0,0,1,0,1,1,0,0
3466,2243,200000000,0,0,1,0,1,1,0,1
3468,2245,200000000,0,0,0,1,1,1,0,1
3482,2259,200000000,0,0,0,1,1,1,0,0
3484,2261,200000000,0,0,0,0,0,1,0,0
3500,2277,200000000,0,0,0,1,1,1,0,1
3516,2293,200000000,0,0,0,1,1,1,0,0
3518,2295,200000000,0,0,0,0,0,1,0,0
3532,2309,200000000,0,0,0,0,0,1,0,1
3534,2311,200000000,0,0,0,0,0,0,0,1
3550,2327,200000000,0,0,0,0,0,0,0,0
3566,2343,200000000,0,0,0,0,0,0,0,1
3582,2359,200000000,0,0,0,0,0,0,0,0
3584,2361,200000000,0,0,0,0,0,1,0,0
3600,2377,200000000,0,0,0,0,1,1,0,1
3616,2393,200000000,0,0,0,0,1,1,0,0
3618,2395,200000000,0,0,1,0,0,0,0,0
3632,2409,200000000,0,0,1,0,0,0,0,1
3634,2411,200000000,0,0,0,1,0,1,0,1
3650,2427,200000000,0,0,0,1,0,0,0,0
3666,2443,200000000,0,0,0,1,0,0,0,1
3668,2445,200000000,0,0,0,1,1,1,0,1
3682,2459,200000000,0,0,0,1,1,1,0,0
3684,2461,200000000,0,0,0,0,0,0,0,0
3700,2477,200000000,0,0,1,0,0,0,0,1
3716,2493,200000000,0,0,1,0,0,0,0,0
3718,2495,200000000,0,0,1,1,1,0,0,0
3732,2509,200000000,0,0,1,1,1,0,0,1
3734,2511,200000000,0,0,1,1,1,1,0,1
3750,2527,200000000,0,0,1,1,1,1,0,0
3766,2543,200000000,0,0,1,1,1,1,0,1
3768,2545,200000000,0,0,0,0,0,0,0,1
3782,2559,200000000,0,0,0,0,0,0,0,0
3784,2561,200000000,0,0,1,0,0,0,0,0
3800,2577,200000000,0,0,1,1,1,1,0,1
3816,2593,200000000,0,0,1,1,1,1,0,0
3818,2595,200000000,0,0,1,1,1,0,0,0
3832,2609,200000000,0,0,1,1,1,0,0,1
3834,2611,200000000,0,0,0,1,0,1,0,1
3850,2627,200000000,0,0,1,0,1,1,0,0
3866,2643,200000000,0,0,1,0,1,1,0,1
3868,2645,200000000,0,0,0,1,1,1,0,1
3882,2659,200000000,0,0,0,1,1,1,0,0
3884,2661,200000000,0,0,0,0,0,1,0,0
3900,2677,200000000,0,0,0,1,1,1,0,1
3916,2693,200000000,0,0,0,1,1,1,0,0
3918,2695,200000000,0,0,0,0,0,1,0,0
3932,2709,200000000,0,0,0,0,0,1,0,1
3934,2711,200000000,0,0,0,0,0,0,0,1
3948,2725,200000000,0,0,0,0,0,0,1,1
3950,2727,200000000,0,0,0,0,0,0,1,0
3966,2743,200000000,0,0,1,0,0,0,0,0
3970,2747,200000000,0,0,1,1,0,0,0,0
3974,2751,200000000,0,0,1,1,0,1,0,0
3982,2759,200000000,0,0,1,1,0,1,0,1
4000,2777,200000000,0,0,1,1,0,1,0,0
4016,2793,200000000,0,0,1,1,0,1,0,1
4032,2809,200000000,0,0,1,1,0,1,0,0
4050,2827,200000000,0,0,1,1,0,1,0,1
4066,2843,200000000,0,0,1,1,0,1,0,0
4074,2851,200000000,0,0,1,1,0,0,0,0
4082,2859,200000000,0,0,1,1,0,0,0,1
4100,2877,200000000,0,0,1,1,0,0,0,0
4108,2885,200000000,0,0,1,1,1,1,0,0
4116,2893,200000000,0,0,1,1,1,1,0,1
4132,2909,200000000,0,0,1,1,1,1,0,0
4150,2927,200000000,0,0,1,1,1,1,0,1
4166,2943,200000000,0,0,1,1,1,1,0,0
4174,2951,200000000,0,0,1,1,1,0,0,0
4182,2959,200000000,0,0,1,1,1,0,0,1
4200,2977,200000000,0,0,1,1,1,0,0,0
4208,2985,200000000,0,0,1,1,1,1,0,0
4216,2993,200000000,0,0,1,1,1,1,0,1
4232,3009,200000000,0,0,1,1,1,1,0,0
4234,3011,200000000,0,0,0,0,0,1,0,0
4250,3027,200000000,0,0,0,0,0,1,0,1
4258,3035,200000000,0,0,0,0,0,0,0,1
4266,3043,200000000,0,0,0,0,0,0,0,0
4282,3059,200000000,0,0,0,0,0,0,0,1
4290,3067,200000000,0,0,0,0,1,1,0,1
4300,3077,200000000,0,0,0,0,1,1,0,0
4308,3085,200000000,0,0,1,0,1,1,0,0
4316,3093,200000000,0,0,1,0,1,1,0,1
4324,3101,200000000,0,0,1,1,0,0,0,1
4332,3109,200000000,0,0,1,1,0,0,0,0
4340,3117,200000000,0,0,1,1,1,1,0,0
4350,3127,200000000,0,0,1,1,1,1,0,1
4366,3143,200000000,0,0,1,1,1,1,0,0
4382,3159,200000000,0,0,1,1,1,1,0,1
4400,3177,200000000,0,0,1,1,1,1,0,0
4416,3193,200000000,0,0,1,1,1,1,0,1
4432,3209,200000000,0,0,1,1,1,1,0,0
4450,3227,200000000,0,0,1,1,1,1,0,1
4466,3243,200000000,0,0,1,1,1,1,0,0
4482,3259,200000000,0,0,1,1,1,1,0,1
4500,3277,200000000,0,0,1,1,1,1,0,0
4516,3293,200000000,0,0,1,1,1,1,0,1
4532,3309,200000000,0,0,1,1,1,1,0,0
4550,3327,200000000,0,0,1,1,1,1,0,1
4566,3343,200000000,0,0,1,1,1,1,0,0
4582,3359,200000000,0,0,1,1,1,1,0,1
4600,3377,200000000,0,0,1,1,1,1,0,0
4616,3393,200000000,0,0,1,1,1,1,0,1
4632,3409,200000000,0,0,1,1,1,1,0,0
4634,3411,200000000,0,0,0,0,0,1,0,0
4650,3427,200000000,0,0,0,0,1,1,0,1
4666,3443,200000000,0,0,0,0,1,1,0,0
4668,3445,200000000,0,0,0,0,0,0,0,0
4682,3459,200000000,0,0,0,0,0,0,0,1
4684,3461,200000000,0,0,0,0,0,1,0,1
4700,3477,200000000,0,0,0,0,0,0,0,0
4716,3493,200000000,0,0,0,0,0,0,0,1
4718,3495,200000000,0,0,0,0,0,1,0,1
4732,3509,200000000,0,0,0,0,0,1,0,0
4734,3511,200000000,0,0,1,1,1,1,0,0
4750,3527,200000000,0,0,1,1,1,0,0,1
4766,3543,200000000,0,0,1,1,1,0,0,0
4768,3545,200000000,0,0,0,0,1,0,0,0
4782,3559,200000000,0,0,0,0,1,0,0,1
4784,3561,200000000,0,0,0,0,1,1,0,1
4800,3577,200000000,0,0,0,0,1,0,0,0
4816,3593,200000000,0,0,0,0,1,0,0,1
4818,3595,200000000,0,0,1,1,1,0,0,1
4832,3609,200000000,0,0,1,1,1,0,0,0
4834,3611,200000000,0,0,0,0,0,1,0,0
4850,3627,200000000,0,0,0,0,0,1,0,1
4866,3643,200000000,0,0,0,0,0,1,0,0
4868,3645,200000000,0,0,0,0,0,0,0,0
4882,3659,200000000,0,0,0,0,0,0,0,1
4900,3677,200000000,0,0,0,0,1,0,0,0
4916,3693,200000000,0,0,0,0,1,0,0,1
4918,3695,200000000,0,0,0,0,1,1,0,1
4932,3709,200000000,0,0,0,0,1,1,0,0
4934,3711,200000000,0,0,0,0,1,0,0,0
4950,3727,200000000,0,0,1,1,0,0,0,1
4966,3743,200000000,0,0,1,1,0,0,0,0
4968,3745,200000000,0,0,1,0,0,0,0,0
4982,3759,200000000,0,0,1,0,0,0,0,1
4984,3761,200000000,0,0,0,0,0,1,0,1
5000,3777,200000000,0,0,0,0,0,0,0,0
5016,3793,200000000,0,0,0,0,0,0,0,1
5032,3809,200000000,0,0,0,0,0,0,0,0
5034,3811,200000000,0,0,0,0,0,1,0,0
5050,3827,200000000,0,0,0,0,1,1,0,1
5066,3843,200000000,0,0,0,0,1,1,0,0
5068,3845,200000000,0,0,0,0,0,0,0,0
5082,3859,200000000,0,0,0,0,0,0,0,1
5084,3861,200000000,0,0,0,1,0,0,0,1
5100,3877,200000000,0,0,0,0,0,0,0,0
5116,3893,200000000,0,0,0,0,0,0,0,1
5118,3895,200000000,0,0,0,0,0,1,0,1
5132,3909,200000000,0,0,0,0,0,1,0,0
5134,3911,200000000,0,0,0,0,0,0,0,0
5150,3927,200000000,0,0,0,0,1,0,0,1
5166,3943,200000000,0,0,0,0,1,0,0,0
5182,3959,200000000,0,0,0,0,1,0,0,1
5184,3961,200000000,0,0,0,0,1,1,0,1
5200,3977,200000000,0,0,0,0,1,0,0,0
5216,3993,200000000,0,0,0,0,1,0,0,1
5218,3995,200000000,0,0,0,1,1,0,0,1
5232,4009,200000000,0,0,0,1,1,0,0,0
5234,4011,200000000,0,0,1,0,1,0,0,0
5250,4027,200000000,0,0,0,1,0,0,0,1
5266,4043,200000000,0,0,0,1,0,0,0,0
5268,4045,200000000,0,0,1,1,1,1,0,0
5282,4059,200000000,0,0,1,1,1,1,0,1
5284,4061,200000000,0,0,1,1,1,0,0,1
5300,4077,200000000,0,0,0,1,1,0,0,0
5316,4093,200000000,0,0,0,1,1,0,0,1
5318,4095,200000000,0,0,1,1,1,1,0,1
5332,4109,200000000,0,0,1,1,1,1,0,0
5334,4111,200000000,0,0,0,0,0,0,0,0
5350,4127,200000000,0,0,0,0,0,0,0,1
5366,4143,200000000,0,0,0,0,0,0,0,0
5368,4145,200000000,0,0,1,1,0,0,0,0
5382,4159,200000000,0,0,1,1,0,0,0,1
5384,4161,200000000,0,0,0,0,0,0,0,1
5400,4177,200000000,0,0,0,0,0,0,0,0
5416,4193,200000000,0,0,0,0,0,0,0,1
5418,4195,200000000,0,0,0,0,0,1,0,1
5432,4209,200000000,0,0,0,0,0,1,0,0
5434,4211,200000000,0,0,1,0,0,0,0,0
5450,4227,200000000,0,0,0,0,1,1,0,1
5466,4243,200000000,0,0,0,0,1,1,0,0
5468,4245,200000000,0,0,0,0,1,0,0,0
5482,4259,200000000,0,0,0,0,1,0,0,1
5484,4261,200000000,0,0,0,1,1,1,0,1
5500,4277,200000000,0,0,1,1,0,0,0,0
5516,4293,200000000,0,0,1,1,0,0,0,1
5518,4295,200000000,0,0,0,1,0,0,0,1
5532,4309,200000000,0,0,0,1,0,0,0,0
5534,4311,200000000,0,0,1,1,1,1,0,0
5550,4327,200000000,0,0,1,1,1,0,0,1
5566,4343,200000000,0,0,1,1,1,0,0,0
5568,4345,200000000,0,0,0,0,0,1,0,0
5582,4359,200000000,0,0,0,0,0,1,1,0
5584,4361,200000000,0,0,0,0,0,0,1,0
5600,4377,200000000,0,0,1,0,0,0,0,0
5602,4379,200000000,0,0,1,1,0,0,0,0
5608,4385,200000000,0,0,1,1,0,1,0,0
5616,4393,200000000,0,0,1,1,0,1,0,1
5632,4409,200000000,0,0,1,1,0,1,0,0
5648,4425,200000000,0,0,1,1,0,1,0,1
5666,4443,200000000,0,0,1,1,0,1,0,0
5682,4459,200000000,0,0,1,1,0,1,0,1
5700,4477,200000000,0,0,1,1,0,1,0,0
5708,4485,200000000,0,0,1,1,0,0,0,0
5716,4493,200000000,0,0,1,1,0,0,0,1
5732,4509,200000000,0,0,1,1,0,0,0,0
5740,4517,200000000,0,0,1,1,0,1,0,0
5742,4519,200000000,0,0,1,1,1,1,0,0
5748,4525,200000000,0,0,1,1,1,1,0,1
5766,4543,200000000,0,0,1,1,1,1,0,0
5782,4559,200000000,0,0,1,1,1,1,0,1
5800,4577,200000000,0,0,1,1,1,1,0,0
5808,4585,200000000,0,0,1,1,1,0,0,0
5816,4593,200000000,0,0,1,1,1,0,0,1
5832,4609,200000000,0,0,1,1,1,0,0,0
5840,4617,200000000,0,0,1,1,1,1,0,0
5848,4625,200000000,0,0,1,1,1,1,0,1
5866,4643,200000000,1,1,0,0,1,1,0,0
5868,4645,200000000,0,0,0,0,0,1,0,0
5882,4659,200000000,0,0,0,0,0,1,0,1
5892,4669,200000000,0,0,0,0,0,0,0,1
5900,4677,200000000,0,0,0,0,0,0,0,0
5916,4693,200000000,0,0,0,0,0,0,0,1
5924,4701,200000000,0,0,0,0,1,1,0,1
5932,4709,200000000,0,0,0,0,1,1,0,0
5940,4717,200000000,0,0,0,1,1,1,0,0
5942,4719,200000000,0,0,1,1,1,1,0,0
5948,4725,200000000,0,0,1,1,1,1,0,1
5958,4735,200000000,0,0,0,0,0,0,0,1
5966,4743,200000000,0,0,0,0,0,0,0,0
5974,4751,200000000,0,0,1,1,1,1,0,0
5982,4759,200000000,0,0,1,1,1,1,0,1
6000,4777,200000000,0,0,1,1,1,1,0,0
6016,4793,200000000,0,0,1,1,1,1,0,1
6032,4809,200000000,0,0,1,1,1,1,0,0
6048,4825,200000000,0,0,1,1,1,1,0,1
6066,4843,200000000,0,0,1,1,1,1,0,0
6082,4859,200000000,0,0,1,1,1,1,0,1
6100,4877,200000000,0,0,1,1,1,1,0,0
6116,4893,200000000,0,0,1,1,1,1,0,1
6132,4909,200000000,0,0,1,1,1,1,0,0
6148,4925,200000000,0,0,1,1,1,1,0,1
6166,4943,200000000,0,0,1,1,1,1,0,0
6182,4959,200000000,0,0,1,1,1,1,0,1
6200,4977,200000000,0,0,1,1,1,1,0,0
6216,4993,200000000,0,0,1,1,1,1,0,1
6232,5009,200000000,0,0,1,1,1,1,0,0
6248,5025,200000000,0,0,1,1,1,1,0,1
6266,5043,200000000,0,0,1,1,1,1,0,0
6268,5045,200000000,0,0,1,0,0,0,0,0
6282,5059,200000000,0,0,1,0,0,0,0,1
6284,5061,200000000,0,0,0,0,1,1,0,1
6300,5077,200000000,0,0,1,1,0,0,0,0
6316,5093,200000000,0,0,1,1,0,0,0,1
6318,5095,200000000,0,0,0,1,1,1,0,1
6332,5109,200000000,0,0,0,1,1,1,0,0
6334,5111,200000000,0,0,0,0,0,0,0,0
6348,5125,200000000,0,0,0,0,0,0,0,1
6350,5127,200000000,0,0,0,1,1,1,0,1
6366,5143,200000000,0,0,0,1,1,1,0,0
6368,5145,200000000,0,0,0,0,0,0,0,0
6382,5159,200000000,0,0,0,0,0,0,0,1
6400,5177,200000000,0,0,1,1,1,0,0,0
6416,5193,200000000,0,0,1,1,1,0,0,1
6418,5195,200000000,0,0,0,0,1,1,0,1
6432,5209,200000000,0,0,0,0,1,1,0,0
6434,5211,200000000,0,0,1,0,0,1,0,0
6448,5225,200000000,0,0,1,0,0,1,0,1
6450,5227,200000000,1,0,0,0,0,0,0,1
6452,5229,200000000,0,0,0,0,0,0,0,1
6466,5243,200000000,0,0,0,0,0,0,0,0
6482,5259,200000000,0,0,0,0,0,0,0,1
6484,5261,200000000,0,0,0,1,1,1,0,1
6500,5277,200000000,0,0,1,1,1,1,0,0
6516,5293,200000000,0,0,1,1,1,1,0,1
6518,5295,200000000,0,0,1,1,1,0,0,1
6532,5309,200000000,0,0,1,1,1,0,0,0
6534,5311,200000000,0,0,0,0,0,1,0,0
6548,5325,200000000,0,0,0,0,0,1,0,1
6550,5327,200000000,0,0,0,0,1,1,0,1
6566,5343,200000000,0,0,0,0,1,1,0,0
6568,5345,200000000,0,0,0,0,0,0,0,0
6582,5359,200000000,0,0,0,0,0,0,0,1
6600,5377,200000000,0,0,0,0,0,0,0,0
6616,5393,200000000,0,0,0,0,0,0,1,0
6632,5409,200000000,0,0,0,0,0,0,0,0
6634,5411,200000000,0,0,1,0,0,0,0,0
6636,5413,200000000,0,0,1,1,0,0,0,0
6640,5417,200000000,0,0,1,1,0,1,0,0
6648,5425,200000000,0,0,1,1,0,1,0,1
6666,5443,200000000,0,0,1,1,0,1,0,0
6682,5459,200000000,0,0,1,1,0,1,0,1
6700,5477,200000000,0,0,1,1,0,1,0,0
6716,5493,200000000,0,0,1,1,0,1,0,1
6732,5509,200000000,0,0,1,1,0,1,0,0
6742,5519,200000000,0,0,1,1,0,0,0,0
6748,5525,200000000,0,0,1,1,0,0,0,1
6766,5543,200000000,0,0,1,1,0,0,0,0
6774,5551,200000000,0,0,1,1,1,1,0,0
6782,5559,200000000,0,0,1,1,1,1,0,1
6800,5577,200000000,0,0,1,1,1,1,0,0
6816,5593,200000000,0,0,1,1,1,1,0,1
6832,5609,200000000,0,0,1,1,1,1,0,0
6842,5619,200000000,0,0,1,1,1,0,0,0
6848,5625,200000000,0,0,1,1,1,0,0,1
6866,5643,200000000,0,0,1,1,1,0,0,0
6874,5651,200000000,0,0,1,1,1,1,0,0
6882,5659,200000000,0,0,1,1,1,1,0,1
6900,5677,200000000,0,0,0,0,0,1,0,0
6916,5693,200000000,0,0,0,0,0,1,0,1
6924,5701,200000000,0,0,0,0,0,0,0,1
6932,5709,200000000,0,0,0,0,0,0,0,0
6940,5717,200000000,0,0,0,0,0,1,0,0
6948,5725,200000000,0,0,0,0,0,1,0,1
6958,5735,200000000,0,0,0,0,0,0,0,1
6966,5743,200000000,0,0,0,0,0,0,0,0
6974,5751,200000000,0,0,1,0,0,0,0,0
6982,5759,200000000,0,0,1,0,0,0,0,1
6990,5767,200000000,0,0,1,1,0,0,0,1
6992,5769,200000000,0,0,0,1,0,0,0,1
7000,5777,200000000,0,0,0,1,0,0,0,0
7008,5785,200000000,0,0,1,1,1,1,0,0
7016,5793,200000000,0,0,1,1,1,1,0,1
7032,5809,200000000,0,0,1,1,1,1,0,0
7048,5825,200000000,0,0,1,1,1,1,0,1
7066,5843,200000000,0,0,1,1,1,1,0,0
7082,5859,200000000,0,0,1,1,1,1,0,1
7100,5877,200000000,0,0,1,1,1,1,0,0
7116,5893,200000000,0,0,1,1,1,1,0,1
7132,5909,200000000,0,0,1,1,1,1,0,0
7148,5925,200000000,0,0,1,1,1,1,0,1
7166,5943,200000000,0,0,1,1,1,1,0,0
7182,5959,200000000,0,0,1,1,1,1,0,1
7200,5977,200000000,0,0,1,1,1,1,0,0
7216,5993,200000000,0,0,1,1,1,1,0,1
7232,6009,200000000,0,0,1,1,1,1,0,0
7248,6025,200000000,0,0,1,1,1,1,0,1
7266,6043,200000000,0,0,1,1,1,1,0,0
7282,6059,200000000,0,0,1,1,1,1,0,1
7300,6077,200000000,0,0,0,0,0,0,0,0
7316,6093,200000000,0,0,0,0,1,0,0,1
7318,6095,200000000,0,0,1,0,1,0,0,1
7332,6109,200000000,0,0,1,0,1,0,0,0
7334,6111,200000000,0,0,0,0,0,0,0,0
7348,6125,200000000,0,0,0,0,0,0,0,1
7366,6143,200000000,0,0,0,0,0,0,0,0
7382,6159,200000000,0,0,0,0,0,0,0,1
7400,6177,200000000,0,0,0,0,0,0,0,0
7416,6193,200000000,0,0,0,0,0,0,0,1
7432,6209,200000000,0,0,0,0,0,0,0,0
7434,6211,200000000,0,0,0,1,0,1,0,0
7448,6225,200000000,0,0,0,1,0,1,0,1
7450,6227,200000000,0,0,0,0,1,1,0,1
7466,6243,200000000,0,0,0,0,1,1,0,0
7468,6245,200000000,0,0,0,1,0,1,0,0
7482,6259,200000000,0,0,0,1,0,1,0,1
7484,6261,200000000,0,0,0,0,1,0,0,1
7500,6277,200000000,0,0,0,0,1,1,0,0
7516,6293,200000000,0,0,0,0,1,1,0,1
7518,6295,200000000,0,0,0,0,0,1,0,1
7532,6309,200000000,0,0,0,0,0,1,1,0
7534,6311,200000000,0,0,0,0,0,0,1,0
7550,6327,200000000,0,0,1,0,0,0,0,0
7554,6331,200000000,0,0,1,1,0,0,0,0
7558,6335,200000000,0,0,1,1,0,1,0,0
7566,6343,200000000,0,0,1,1,0,1,0,1
7582,6359,200000000,0,0,1,1,0,1,0,0
7598,6375,200000000,0,0,1,1,0,1,0,1
7616,6393,200000000,0,0,1,1,0,1,0,0
7632,6409,200000000,0,0,1,1,0,1,0,1
7650,6427,200000000,0,0,1,1,0,1,0,0
7658,6435,200000000,0,0,1,1,0,0,0,0
7666,6443,200000000,0,0,1,1,0,0,0,1
7682,6459,200000000,0,0,1,1,0,0,0,0
7690,6467,200000000,0,0,1,1,0,1,0,0
7698,6475,200000000,0,0,1,1,0,1,0,1
7700,6477,200000000,0,0,1,1,1,1,0,1
7716,6493,200000000,0,0,1,1,1,1,0,0
7732,6509,200000000,0,0,1,1,1,1,0,1
7750,6527,200000000,0,0,1,1,1,1,0,0
7758,6535,200000000,0,0,1,1,1,0,0,0
7766,6543,200000000,0,0,1,1,1,0,0,1
7782,6559,200000000,0,0,1,1,1,0,0,0
7790,6567,200000000,0,0,1,1,1,1,0,0
7798,6575,200000000,0,0,1,1,1,1,0,1
7816,6593,200000000,1,1,0,0,0,1,0,0
7818,6595,200000000,0,0,0,0,0,1,0,0
7832,6609,200000000,0,0,0,0,0,1,0,1
7842,6619,200000000,0,0,0,0,0,0,0,1
7850,6627,200000000,0,0,0,0,0,0,0,0
7866,6643,200000000,0,0,0,0,0,0,0,1
7874,6651,200000000,0,0,0,0,1,1,0,1
7882,6659,200000000,0,0,0,0,1,1,0,0
7890,6667,200000000,0,0,1,1,1,1,0,0
7898,6675,200000000,0,0,1,1,1,1,0,1
7908,6685,200000000,0,0,1,0,0,0,0,1
7916,6693,200000000,0,0,1,0,0,0,0,0
7924,6701,200000000,0,0,1,1,1,1,0,0
7932,6709,200000000,0,0,1,1,1,1,0,1
7950,6727,200000000,0,0,1,1,1,1,0,0
7966,6743,200000000,0,0,1,1,1,1,0,1
7982,6759,200000000,0,0,1,1,1,1,0,0
7998,6775,200000000,0,0,1,1,1,1,0,1
8016,6793,200000000,0,0,1,1,1,1,0,0
8032,6809,200000000,0,0,1,1,1,1,0,1
8050,6827,200000000,0,0,1,1,1,1,0,0
8066,6843,200000000,0,0,1,1,1,1,0,1
8082,6859,200000000,0,0,1,1,1,1,0,0
8098,6875,200000000,0,0,1,1,1,1,0,1
8116,6893,200000000,0,0,1,1,1,1,0,0
8132,6909,200000000,0,0,1,1,1,1,0,1
8150,6927,200000000,0,0,1,1,1,1,0,0
8166,6943,200000000,0,0,1,1,1,1,0,1
8182,6959,200000000,0,0,1,1,1,1,0,0
8198,6975,200000000,0,0,1,1,1,1,0,1
8216,6993,200000000,0,0,1,1,1,1,0,0
8218,6995,200000000,0,0,0,0,0,1,0,0
8232,7009,200000000,0,0,0,0,0,1,0,1
8234,7011,200000000,0,0,0,0,1,1,0,1
8250,7027,200000000,0,0,0,0,0,0,0,0
8266,7043,200000000,0,0,0,0,0,0,0,1
8282,7059,200000000,0,0,0,0,0,0,0,0
8298,7075,200000000,0,0,0,0,0,0,0,1
8316,7093,200000000,0,0,0,0,0,0,0,0
8332,7109,200000000,0,0,0,0,0,0,0,1
8350,7127,200000000,0,0,1,0,0,0,0,0
8366,7143,200000000,0,0,1,0,1,1,0,1
8368,7145,200000000,0,0,0,0,1,1,0,1
8382,7159,200000000,0,0,0,0,1,1,0,0
8384,7161,200000000,0,0,0,0,1,0,0,0
8398,7175,200000000,0,0,0,0,1,0,0,1
8400,7177,200000000,0,0,0,0,0,0,0,1
8416,7193,200000000,0,0,0,0,0,0,0,0
8418,7195,200000000,0,0,1,1,0,0,0,0
8432,7209,200000000,0,0,1,1,0,0,1,0
8450,7227,200000000,0,0,1,1,0,0,0,0
8458,7235,200000000,0,0,1,1,0,1,0,0
8466,7243,200000000,0,0,1,1,0,1,0,1
8482,7259,200000000,0,0,1,1,0,1,0,0
8498,7275,200000000,0,0,1,1,0,1,0,1
8516,7293,200000000,0,0,1,1,0,1,0,0
8532,7309,200000000,0,0,1,1,0,1,0,1
8550,7327,200000000,0,0,1,1,0,1,0,0
8558,7335,200000000,0,0,1,1,0,0,0,0
8566,7343,200000000,0,0,1,1,0,0,0,1
8582,7359,200000000,0,0,1,1,0,0,0,0
8590,7367,200000000,0,0,1,1,1,1,0,0
8598,7375,200000000,0,0,1,1,1,1,0,1
8616,7393,200000000,0,0,1,1,1,1,0,0
8632,7409,200000000,0,0,1,1,1,1,0,1
8650,7427,200000000,0,0,1,1,1,1,0,0
8658,7435,200000000,0,0,1,1,1,0,0,0
8666,7443,200000000,0,0,1,1,1,0,0,1
8682,7459,200000000,0,0,1,1,1,0,0,0
8690,7467,200000000,0,0,1,1,1,1,0,0
8698,7475,200000000,0,0,1,1,1,1,0,1
8716,7493,200000000,1,1,0,0,0,1,0,0
8718,7495,200000000,0,0,0,0,0,1,0,0
8732,7509,200000000,0,0,0,0,0,1,0,1
8742,7519,200000000,0,0,0,0,0,0,0,1
8750,7527,200000000,0,0,0,0,0,0,0,0
8766,7543,200000000,0,0,0,0,0,0,0,1
8774,7551,200000000,0,0,0,0,1,1,0,1
8782,7559,200000000,0,0,0,0,1,1,0,0
8790,7567,200000000,0,0,1,1,1,1,0,0
8792,7569,200000000,0,0,1,1,0,1,0,0
8798,7575,200000000,0,0,1,1,0,1,0,1
8808,7585,200000000,0,0,0,1,0,0,0,1
8816,7593,200000000,0,0,0,1,0,0,0,0
8824,7601,200000000,0,0,1,1,1,1,0,0
8832,7609,200000000,0,0,1,1,1,1,0,1
8850,7627,200000000,0,0,1,1,1,1,0,0
8866,7643,200000000,0,0,1,1,1,1,0,1
8882,7659,200000000,0,0,1,1,1,1,0,0
8898,7675,200000000,0,0,1,1,1,1,0,1
8916,7693,200000000,0,0,1,1,1,1,0,0
8932,7709,200000000,0,0,1,1,1,1,0,1
8950,7727,200000000,0,0,1,1,1,1,0,0
8966,7743,200000000,0,0,1,1,1,1,0,1
8982,7759,200000000,0,0,1,1,1,1,0,0
8998,7775,200000000,0,0,1,1,1,1,0,1
9016,7793,200000000,0,0,1,1,1,1,0,0
9032,7809,200000000,0,0,1,1,1,1,0,1
9050,7827,200000000,0,0,1,1,1,1,0,0
9066,7843,200000000,0,0,1,1,1,1,0,1
9082,7859,200000000,0,0,1,1,1,1,0,0
9098,7875,200000000,0,0,1,1,1,1,0,1
9116,7893,200000000,0,0,1,1,1,1,0,0
9118,7895,200000000,0,0,1,0,0,0,0,0
9132,7909,200000000,0,0,1,0,0,0,0,1
9134,7911,200000000,0,0,0,0,1,1,0,1
9150,7927,200000000,0,0,0,0,1,0,0,0
9166,7943,200000000,0,0,0,1,1,1,0,1
9182,7959,200000000,0,0,0,1,1,1,0,0
9184,7961,200000000,0,0,1,1,0,0,0,0
9198,7975,200000000,0,0,1,1,0,0,0,1
9200,7977,200000000,0,0,0,1,0,0,0,1
9216,7993,200000000,0,0,0,1,0,0,0,0
9218,7995,200000000,0,0,1,1,1,1,0,0
9232,8009,200000000,0,0,1,1,1,1,0,1
9234,8011,200000000,0,0,1,1,1,0,0,1
9250,8027,200000000,0,0,0,0,0,1,0,0
9266,8043,200000000,0,0,0,0,1,1,0,1
9282,8059,200000000,0,0,0,0,1,1,0,0
9284,8061,200000000,0,0,1,0,0,0,0,0
9298,8075,200000000,0,0,1,0,0,0,0,1
9300,8077,200000000,0,0,0,1,1,1,0,1
9316,8093,200000000,0,0,0,1,1,1,0,0
9318,8095,200000000,0,0,0,0,0,1,0,0
9332,8109,200000000,0,0,0,0,0,1,0,1
9334,8111,200000000,0,0,0,1,1,1,0,1
9350,8127,200000000,0,0,0,0,0,0,0,0
9366,8143,200000000,0,0,0,0,0,0,0,1
9382,8159,200000000,0,0,0,0,0,0,0,0
9384,8161,200000000,0,0,0,0,1,0,0,0
9398,8175,200000000,0,0,0,0,1,0,0,1
9400,8177,200000000,0,0,0,0,1,1,0,1
9416,8193,200000000,0,0,0,0,1,1,0,0
9418,8195,200000000,0,0,0,0,1,0,0,0
9432,8209,200000000,0,0,0,0,1,0,0,1
9434,8211,200000000,0,0,0,1,1,0,0,1
9450,8227,200000000,0,0,1,1,1,0,0,0
9466,8243,200000000,0,0,1,1,1,0,0,1
9468,8245,200000000,0,0,0,1,0,0,0,1
9482,8259,200000000,0,0,0,1,0,0,0,0
9484,8261,200000000,0,0,1,1,1,1,0,0
9498,8275,200000000,0,0,1,1,1,1,0,1
9500,8277,200000000,0,0,1,1,1,0,0,1
9516,8293,200000000,0,0,1,1,1,0,0,0
9518,8295,200000000,0,0,1,0,0,0,0,0
9532,8309,200000000,0,0,1,0,0,0,0,1
9534,8311,200000000,0,0,0,0,1,1,0,1
9550,8327,200000000,0,0,1,1,0,0,0,0
9566,8343,200000000,0,0,1,1,1,1,0,1
9568,8345,200000000,0,0,0,1,1,1,0,1
9582,8359,200000000,0,0,0,1,1,1,0,0
9584,8361,200000000,0,0,0,0,0,0,0,0
9598,8375,200000000,0,0,0,0,0,0,0,1
9600,8377,200000000,0,0,0,1,1,1,0,1
9616,8393,200000000,0,0,0,1,1,1,0,0
9618,8395,200000000,0,0,0,0,0,0,0,0
9632,8409,200000000,0,0,0,0,0,0,0,1
9650,8427,200000000,0,0,0,0,0,1,0,0
9666,8443,200000000,0,0,0,0,1,1,0,1
9682,8459,200000000,0,0,0,0,1,1,0,0
9684,8461,200000000,0,0,1,0,0,0,0,0
9698,8475,200000000,0,0,1,0,0,0,0,1
9700,8477,200000000,0,0,0,1,0,1,0,1
9716,8493,200000000,0,0,0,1,0,1,0,0
9718,8495,200000000,0,0,0,0,0,0,0,0
9732,8509,200000000,0,0,0,0,0,0,0,1
9734,8511,200000000,0,0,0,1,1,1,0,1
9750,8527,200000000,0,0,0,0,0,0,0,0
9766,8543,200000000,0,0,0,0,0,0,0,1
9782,8559,200000000,0,0,0,0,0,0,0,0
9784,8561,200000000,0,0,1,1,1,0,0,0
9798,8575,200000000,0,0,1,1,1,0,0,1
9800,8577,200000000,0,0,1,1,1,1,0,1
9816,8593,200000000,0,0,1,1,1,1,0,0
9832,8609,200000000,0,0,1,1,1,1,0,1
9834,8611,200000000,0,0,0,0,0,0,0,1
9850,8627,200000000,0,0,0,1,0,1,0,0
9866,8643,200000000,0,0,0,1,0,0,1,0
9882,8659,200000000,0,0,1,1,0,0,0,0
9890,8667,200000000,0,0,1,1,0,1,0,0
9898,8675,200000000,0,0,1,1,0,1,0,1
9916,8693,200000000,0,0,1,1,0,1,0,0
9932,8709,200000000,0,0,1,1,0,1,0,1
9950,8727,200000000,0,0,1,1,0,1,0,0
9966,8743,200000000,0,0,1,1,0,1,0,1
9982,8759,200000000,0,0,1,1,0,1,0,0
9992,8769,200000000,0,0,1,1,0,0,0,0
9998,8775,200000000,0,0,1,1,0,0,0,1
10016,8793,200000000,0,0,1,1,0,0,0,0
10024,8801,200000000,0,0,1,1,0,1,0,0
10030,8807,200000000,0,0,1,1,1,1,0,0
10032,8809,200000000,0,0,1,1,1,1,0,1
10050,8827,200000000,0,0,1,1,1,1,0,0
10066,8843,200000000,0,0,1,1,1,1,0,1
10082,8859,200000000,0,0,1,1,1,1,0,0
10092,8869,200000000,0,0,1,1,1,0,0,0
10098,8875,200000000,0,0,1,1,1,0,0,1
10116,8893,200000000,0,0,1,1,1,0,0,0
10124,8901,200000000,0,0,1,1,1,1,0,0
10132,8909,200000000,0,0,1,1,1,1,0,1
10150,8927,200000000,0,0,0,0,0,1,0,0
10166,8943,200000000,0,0,0,0,0,1,0,1
10174,8951,200000000,0,0,0,0,0,0,0,1
10182,8959,200000000,0,0,0,0,0,0,0,0
10190,8967,200000000,0,0,0,0,0,1,0,0
10198,8975,200000000,0,0,0,0,0,1,0,1
10208,8985,200000000,0,0,0,0,0,0,0,1
10216,8993,200000000,0,0,0,0,0,0,0,0
10224,9001,200000000,0,0,1,0,0,0,0,0
10232,9009,200000000,0,0,1,0,0,0,0,1
10240,9017,200000000,0,0,1,1,0,0,0,1
10242,9019,200000000,0,0,0,1,0,0,0,1
10250,9027,200000000,0,0,0,1,0,0,0,0
10258,9035,200000000,1,0,1,1,1,1,0,0
10260,9037,200000000,0,0,1,1,1,1,0,0
10266,9043,200000000,0,0,1,1,1,1,0,1
10282,9059,200000000,0,0,1,1,1,1,0,0
10298,9075,200000000,0,0,1,1,1,1,0,1
10316,9093,200000000,0,0,1,1,1,1,0,0
10332,9109,200000000,0,0,1,1,1,1,0,1
10350,9127,200000000,0,0,1,1,1,1,0,0
10366,9143,200000000,0,0,1,1,1,1,0,1
10382,9159,200000000,0,0,1,1,1,1,0,0
10398,9175,200000000,0,0,1,1,1,1,0,1
10416,9193,200000000,0,0,1,1,1,1,0,0
10432,9209,200000000,0,0,1,1,1,1,0,1
10450,9227,200000000,0,0,1,1,1,1,0,0
10466,9243,200000000,0,0,1,1,1,1,0,1
10482,9259,200000000,0,0,1,1,1,1,0,0
10498,9275,200000000,0,0,1,1,1,1,0,1
10516,9293,200000000,0,0,1,1,1,1,0,0
10532,9309,200000000,0,0,1,1,1,1,0,1
10550,9327,200000000,0,0,0,0,0,0,0,0
10566,9343,200000000,0,0,1,0,1,0,0,1
10582,9359,200000000,0,0,1,0,1,0,0,0
10584,9361,200000000,0,0,0,0,0,0,0,0
10598,9375,200000000,0,0,0,0,0,0,0,1
10616,9393,200000000,0,0,0,0,0,0,0,0
10632,9409,200000000,0,0,0,0,0,0,0,1
10650,9427,200000000,0,0,0,0,0,0,0,0
10666,9443,200000000,0,0,0,0,0,0,0,1
10682,9459,200000000,0,0,0,0,0,0,0,0
10684,9461,200000000,0,0,0,1,0,1,0,0
10698,9475,200000000,0,0,0,1,0,1,0,1
10700,9477,200000000,0,0,0,0,1,1,0,1
10716,9493,200000000,0,0,0,0,1,1,0,0
10718,9495,200000000,0,0,0,1,0,1,0,0
10732,9509,200000000,0,0,0,1,0,1,0,1
10734,9511,200000000,0,0,0,0,1,0,0,1
10750,9527,200000000,0,0,0,0,1,1,0,0
10766,9543,200000000,0,0,0,0,1,1,0,1
10768,9545,200000000,0,0,0,0,0,1,0,1
10782,9559,200000000,0,0,0,0,0,1,1,0
10784,9561,200000000,0,0,0,0,0,0,1,0
10800,9577,200000000,0,0,1,0,0,0,0,0
10804,9581,200000000,0,0,1,1,0,0,0,0
10808,9585,200000000,0,0,1,1,0,1,0,0
10816,9593,200000000,0,0,1,1,0,1,0,1
10832,9609,200000000,0,0,1,1,0,1,0,0
10848,9625,200000000,0,0,1,1,0,1,0,1
10866,9643,200000000,0,0,1,1,0,1,0,0
10882,9659,200000000,0,0,1,1,0,1,0,1
10900,9677,200000000,0,0,1,1,0,1,0,0
10908,9685,200000000,0,0,1,1,0,0,0,0
10916,9693,200000000,0,0,1,1,0,0,0,1
10932,9709,200000000,0,0,1,1,0,0,0,0
10940,9717,200000000,0,0,1,1,0,1,0,0
10948,9725,200000000,0,0,1,1,0,1,0,1
10950,9727,200000000,0,0,1,1,1,1,0,1
10966,9743,200000000,0,0,1,1,1,1,0,0
10982,9759,200000000,0,0,1,1,1,1,0,1
11000,9777,200000000,0,0,1,1,1,1,0,0
11008,9785,200000000,0,0,1,1,1,0,0,0
11016,9793,200000000,0,0,1,1,1,0,0,1
11032,9809,200000000,0,0,1,1,1,0,0,0
11040,9817,200000000,0,0,1,1,1,1,0,0
11048,9825,200000000,0,0,1,1,1,1,0,1
11066,9843,200000000,1,1,0,0,0,1,0,0
11068,9845,200000000,0,0,0,0,0,1,0,0
11082,9859,200000000,0,0,0,0,0,1,0,1
11090,9867,200000000,0,0,0,0,0,0,0,1
11100,9877,200000000,0,0,0,0,0,0,0,0
11116,9893,200000000,0,0,0,0,0,0,0,1
11124,9901,200000000,0,0,0,0,1,1,0,1
11132,9909,200000000,0,0,0,0,1,1,0,0
11140,9917,200000000,0,0,1,1,1,0,0,0
11148,9925,200000000,0,0,1,1,1,0,0,1
11158,9935,200000000,0,0,1,0,0,0,0,1
11166,9943,200000000,0,0,1,0,0,0,0,0
11174,9951,200000000,0,0,1,1,1,1,0,0
11182,9959,200000000,0,0,1,1,1,1,0,1
11200,9977,200000000,0,0,1,1,1,1,0,0
11216,9993,200000000,0,0,1,1,1,1,0,1
11232,10009,200000000,0,0,1,1,1,1,0,0
11248,10025,200000000,0,0,1,1,1,1,0,1
11266,10043,200000000,0,0,1,1,1,1,0,0
11282,10059,200000000,0,0,1,1,1,1,0,1
11300,10077,200000000,0,0,1,1,1,1,0,0
11316,10093,200000000,0,0,1,1,1,1,0,1
11332,10109,200000000,0,0,1,1,1,1,0,0
11348,10125,200000000,0,0,1,1,1,1,0,1
11366,10143,200000000,0,0,1,1,1,1,0,0
11382,10159,200000000,0,0,1,1,1,1,0,1
11400,10177,200000000,0,0,1,1,1,1,0,0
11416,10193,200000000,0,0,1,1,1,1,0,1
11432,10209,200000000,0,0,1,1,1,1,0,0
11448,10225,200000000,0,0,1,1,1,1,0,1
11466,10243,200000000,0,0,1,1,1,1,0,0
11468,10245,200000000,0,0,1,1,1,0,0,0
11482,10259,200000000,0,0,1,1,1,0,0,1
11484,10261,200000000,0,0,1,1,1,1,0,1
11500,10277,200000000,0,0,1,1,1,1,0,0
11516,10293,200000000,1,1,1,1,1,1,0,1
11518,10295,200000000,0,0,0,0,0,0,0,1
11532,10309,200000000,0,0,0,0,0,0,0,0
11534,10311,200000000,0,0,0,1,0,1,0,0
11548,10325,200000000,0,0,0,1,0,1,0,1
11550,10327,200000000,0,0,1,1,1,1,0,1
11566,10343,200000000,0,0,1,1,1,1,0,0
11582,10359,200000000,0,0,1,1,1,1,0,1
11584,10361,200000000,0,0,1,0,0,0,0,1
11600,10377,200000000,0,0,1,0,0,0,0,0
11616,10393,200000000,0,0,1,0,1,1,0,1
11618,10395,200000000,0,0,0,0,1,1,0,1
11632,10409,200000000,0,0,0,0,1,1,0,0
11634,10411,200000000,0,0,0,0,1,0,0,0
11648,10425,200000000,0,0,0,0,1,0,0,1
11650,10427,200000000,0,0,0,1,1,1,0,1
11666,10443,200000000,0,0,1,1,1,1,0,0
11668,10445,200000000,0,0,1,1,0,0,0,0
11682,10459,200000000,0,0,1,1,0,0,0,1
11684,10461,200000000,0,0,0,1,0,0,0,1
11698,10475,200000000,0,0,0,1,0,0,1,1
11700,10477,200000000,0,0,0,1,0,0,1,0
11716,10493,200000000,0,0,1,1,0,0,0,0
11724,10501,200000000,0,0,1,1,0,1,0,0
11732,10509,200000000,0,0,1,1,0,1,0,1
11750,10527,200000000,0,0,1,1,0,1,0,0
11766,10543,200000000,0,0,1,1,0,1,0,1
11782,10559,200000000,0,0,1,1,0,1,0,0
11798,10575,200000000,0,0,1,1,0,1,0,1
11816,10593,200000000,0,0,1,1,0,1,0,0
11824,10601,200000000,0,0,1,1,0,0,0,0
11832,10609,200000000,0,0,1,1,0,0,0,1
11850,10627,200000000,0,0,1,1,0,0,0,0
11858,10635,200000000,0,0,1,1,1,1,0,0
11866,10643,200000000,0,0,1,1,1,1,0,1
11882,10659,200000000,0,0,1,1,1,1,0,0
11898,10675,200000000,0,0,1,1,1,1,0,1
11916,10693,200000000,0,0,1,1,1,1,0,0
11924,10701,200000000,0,0,1,1,1,0,0,0
11932,10709,200000000,0,0,1,1,1,0,0,1
11950,10727,200000000,0,0,1,1,1,0,0,0
11958,10735,200000000,0,0,1,1,1,1,0,0
11966,10743,200000000,0,0,1,1,1,1,0,1
11982,10759,200000000,0,0,1,1,1,1,0,0
11984,10761,200000000,0,0,0,0,0,1,0,0
11998,10775,200000000,0,0,0,0,0,1,0,1
12008,10785,200000000,0,0,0,0,0,0,0,1
12016,10793,200000000,0,0,0,0,0,0,0,0
12032,10809,200000000,0,0,0,0,0,0,0,1
12040,10817,200000000,0,0,0,0,1,1,0,1
12050,10827,200000000,0,0,0,0,1,1,0,0
12058,10835,200000000,0,0,0,1,1,0,0,0
12066,10843,200000000,0,0,0,1,1,0,0,1
12074,10851,200000000,0,0,1,1,0,0,0,1
12082,10859,200000000,0,0,1,1,0,0,0,0
12090,10867,200000000,0,0,1,1,1,1,0,0
12098,10875,200000000,0,0,1,1,1,1,0,1
12116,10893,200000000,0,0,1,1,1,1,0,0
12132,10909,200000000,0,0,1,1,1,1,0,1
12150,10927,200000000,0,0,1,1,1,1,0,0
12166,10943,200000000,0,0,1,1,1,1,0,1
12182,10959,200000000,0,0,1,1,1,1,0,0
12198,10975,200000000,0,0,1,1,1,1,0,1
12216,10993,200000000,0,0,1,1,1,1,0,0
12232,11009,200000000,0,0,1,1,1,1,0,1
12250,11027,200000000,0,0,1,1,1,1,0,0
12266,11043,200000000,0,0,1,1,1,1,0,1
12282,11059,200000000,0,0,1,1,1,1,0,0
12298,11075,200000000,0,0,1,1,1,1,0,1
12316,11093,200000000,0,0,1,1,1,1,0,0
12332,11109,200000000,0,0,1,1,1,1,0,1
12350,11127,200000000,0,0,1,1,1,1,0,0
12366,11143,200000000,0,0,1,1,1,1,0,1
12382,11159,200000000,0,0,1,1,1,1,0,0
12384,11161,200000000,0,0,0,0,0,1,0,0
12398,11175,200000000,0,0,0,0,0,1,0,1
12400,11177,200000000,0,0,0,0,1,1,0,1
12416,11193,200000000,0,0,0,0,1,1,0,0
12418,11195,200000000,0,0,0,0,0,0,0,0
12432,11209,200000000,0,0,0,0,0,0,0,1
12434,11211,200000000,0,0,0,0,0,1,0,1
12450,11227,200000000,0,0,0,0,0,0,0,0
12466,11243,200000000,0,0,0,0,0,1,0,1
12482,11259,200000000,0,0,0,0,0,1,0,0
12484,11261,200000000,0,0,1,1,1,1,0,0
12498,11275,200000000,0,0,1,1,1,1,0,1
12500,11277,200000000,0,0,1,1,1,0,0,1
12516,11293,200000000,0,0,1,1,1,0,0,0
12518,11295,200000000,0,0,0,0,1,0,0,0
12532,11309,200000000,0,0,0,0,1,0,0,1
12534,11311,200000000,0,0,0,0,1,1,0,1
12550,11327,200000000,0,0,0,0,1,0,0,0
12566,11343,200000000,0,0,1,1,1,0,0,1
12582,11359,200000000,0,0,1,1,1,0,0,0
12584,11361,200000000,0,0,0,0,0,1,0,0
12598,11375,200000000,0,0,0,0,0,1,0,1
12616,11393,200000000,0,0,0,0,0,1,0,0
12618,11395,200000000,0,0,0,0,0,0,0,0
12632,11409,200000000,0,0,0,0,0,0,0,1
12650,11427,200000000,0,0,0,0,1,0,0,0
12666,11443,200000000,0,0,0,0,1,1,0,1
12682,11459,200000000,0,0,0,0,1,1,0,0
12684,11461,200000000,0,0,0,0,1,0,0,0
12698,11475,200000000,0,0,0,0,1,0,0,1
12700,11477,200000000,0,0,1,1,0,0,0,1
12716,11493,200000000,0,0,1,1,0,0,0,0
12718,11495,200000000,0,0,1,0,0,0,0,0
12732,11509,200000000,0,0,1,0,0,0,0,1
12734,11511,200000000,0,0,0,0,0,1,0,1
12750,11527,200000000,0,0,0,0,0,0,0,0
12766,11543,200000000,0,0,0,0,0,0,0,1
12782,11559,200000000,0,0,0,0,0,0,0,0
12784,11561,200000000,0,0,0,0,0,1,0,0
12798,11575,200000000,0,0,0,0,0,1,0,1
12800,11577,200000000,0,0,0,0,1,1,0,1
12816,11593,200000000,0,0,0,0,1,1,0,0
12818,11595,200000000,0,0,0,0,0,0,0,0
12832,11609,200000000,0,0,0,0,0,0,0,1
12834,11611,200000000,0,0,0,1,0,0,0,1
12850,11627,200000000,0,0,0,0,0,0,0,0
12866,11643,200000000,0,0,0,0,0,1,0,1
12882,11659,200000000,0,0,0,0,0,1,0,0
12884,11661,200000000,0,0,0,0,0,0,0,0
12898,11675,200000000,0,0,0,0,0,0,0,1
12900,11677,200000000,0,0,0,0,1,0,0,1
12916,11693,200000000,0,0,1,0,1,0,0,0
12918,11695,200000000,0,0,1,0,0,1,0,0
12932,11709,200000000,0,0,1,0,0,1,0,1
12934,11711,200000000,0,0,0,0,1,1,0,1
12950,11727,200000000,0,0,0,0,0,0,0,0
12966,11743,200000000,0,0,0,1,1,1,0,1
12982,11759,200000000,0,0,0,1,1,1,0,0
12984,11761,200000000,0,0,0,0,0,0,0,0
12998,11775,200000000,0,0,0,0,0,0,0,1
13000,11777,200000000,0,0,0,1,0,1,0,1
13016,11793,200000000,0,0,0,1,0,1,0,0
13018,11795,200000000,0,0,0,0,0,0,0,0
13032,11809,200000000,0,0,0,0,0,0,0,1
13050,11827,200000000,0,0,1,0,1,0,0,0
13066,11843,200000000,0,0,1,0,1,1,0,1
13068,11845,200000000,0,0,0,0,1,1,0,1
13082,11859,200000000,0,0,0,0,1,1,0,0
13084,11861,200000000,0,0,0,0,0,0,0,0
13098,11875,200000000,0,0,0,0,0,0,0,1
13100,11877,200000000,0,0,0,1,1,1,0,1
13116,11893,200000000,0,0,1,1,1,1,0,0
13132,11909,200000000,0,0,1,1,1,1,0,1
13134,11911,200000000,0,0,0,1,0,0,0,1
13150,11927,200000000,0,0,1,1,1,1,0,0
13166,11943,200000000,0,0,1,1,1,1,0,1
13168,11945,200000000,0,0,1,1,1,0,0,1
13182,11959,200000000,0,0,1,1,1,0,0,0
13184,11961,200000000,0,0,0,0,0,0,0,0
13198,11975,200000000,0,0,0,0,0,0,0,1
13200,11977,200000000,0,0,0,0,1,1,0,1
13216,11993,200000000,0,0,0,1,1,1,0,0
13218,11995,200000000,0,0,0,1,0,0,0,0
13232,12009,200000000,0,0,0,1,0,0,0,1
13234,12011,200000000,0,0,0,1,1,1,0,1
13250,12027,200000000,0,0,1,1,1,1,0,0
13266,12043,200000000,1,0,1,1,1,1,0,1
13268,12045,200000000,0,0,0,1,0,0,0,1
13282,12059,200000000,0,0,0,1,0,0,0,0
13284,12061,200000000,0,0,1,1,1,1,0,0
13298,12075,200000000,0,0,1,1,1,1,0,1
13300,12077,200000000,0,0,1,1,1,0,0,1
13316,12093,200000000,0,0,1,1,1,0,0,0
13318,12095,200000000,0,0,1,0,0,0,0,0
13320,12097,200000000,0,0,1,0,0,1,0,0
13332,12109,200000000,0,0,1,0,0,1,0,1
13334,12111,200000000,0,0,0,0,1,1,0,1
13350,12127,200000000,0,0,0,0,0,0,0,0
13366,12143,200000000,0,0,0,1,1,1,0,1
13382,12159,200000000,0,0,0,1,1,1,0,0
13384,12161,200000000,0,0,1,0,1,0,0,0
13398,12175,200000000,0,0,1,0,1,0,0,1
13400,12177,200000000,1,1,0,0,0,0,0,1
13402,12179,200000000,0,0,0,0,0,0,0,1
13416,12193,200000000,0,0,0,0,0,0,0,0
13432,12209,200000000,0,0,0,0,0,0,0,1
13450,12227,200000000,0,0,0,1,1,0,0,0
13466,12243,200000000,0,0,0,1,1,1,0,1
13468,12245,200000000,0,0,0,0,1,1,0,1
13482,12259,200000000,0,0,0,0,1,1,0,0
13484,12261,200000000,0,0,0,0,0,1,0,0
13498,12275,200000000,0,0,0,0,0,1,0,1
13500,12277,200000000,0,0,0,1,1,0,0,1
13516,12293,200000000,0,0,0,1,1,0,0,0
13518,12295,200000000,0,0,1,1,1,1,0,0
13532,12309,200000000,0,0,1,1,1,1,0,1
13534,12311,200000000,0,0,0,1,1,1,0,1
13550,12327,200000000,0,0,0,0,0,0,0,0
13566,12343,200000000,0,0,0,0,0,0,0,1
13582,12359,200000000,0,0,0,0,0,0,0,0
13584,12361,200000000,0,0,0,0,0,1,0,0
13598,12375,200000000,0,0,0,0,0,1,0,1
13600,12377,200000000,0,0,0,0,1,1,0,1
13616,12393,200000000,0,0,0,0,1,1,0,0
13618,12395,200000000,0,0,0,0,0,0,0,0
13632,12409,200000000,0,0,0,0,0,0,0,1
13634,12411,200000000,0,0,0,1,0,1,0,1
13650,12427,200000000,0,0,1,1,0,1,0,0
13666,12443,200000000,1,0,1,1,0,1,0,1
13668,12445,200000000,0,0,0,0,0,0,0,1
13682,12459,200000000,0,0,0,0,0,0,0,0
13698,12475,200000000,0,0,0,0,0,0,0,1
13716,12493,200000000,0,0,0,0,1,0,0,0
13718,12495,200000000,0,0,1,1,1,0,0,0
13732,12509,200000000,0,0,1,1,1,0,0,1
13734,12511,200000000,0,0,1,1,1,1,0,1
13750,12527,200000000,0,0,1,1,1,1,0,0
13766,12543,200000000,1,1,1,1,1,1,0,1
13768,12545,200000000,0,0,0,0,0,0,0,1
13782,12559,200000000,0,0,0,0,0,0,0,0
13784,12561,200000000,0,0,1,0,0,1,0,0
13798,12575,200000000,0,0,1,0,0,1,0,1
13800,12577,200000000,0,0,1,1,1,1,0,1
13816,12593,200000000,0,0,1,1,1,1,0,0
13832,12609,200000000,0,0,1,1,1,1,0,1
13834,12611,200000000,0,0,1,1,0,1,0,1
13850,12627,200000000,0,0,1,0,1,1,0,0
13866,12643,200000000,0,0,1,1,1,1,0,1
13868,12645,200000000,0,0,0,1,1,1,0,1
13882,12659,200000000,0,0,0,1,1,1,0,0
13884,12661,200000000,0,0,0,0,0,0,0,0
13898,12675,200000000,0,0,0,0,0,0,0,1
13900,12677,200000000,0,0,0,1,1,1,0,1
13916,12693,200000000,0,0,0,1,1,1,0,0
13918,12695,200000000,0,0,0,0,0,0,0,0
13932,12709,200000000,0,0,0,0,0,0,0,1
13948,12725,200000000,0,0,0,0,0,0,1,1
13950,12727,200000000,0,0,0,0,0,0,1,0
13966,12743,200000000,0,0,1,0,0,0,0,0
13970,12747,200000000,0,0,1,1,0,0,0,0
13974,12751,200000000,0,0,1,1,0,1,0,0
13982,12759,200000000,0,0,1,1,0,1,0,1
14000,12777,200000000,0,0,1,1,0,1,0,0
14016,12793,200000000,0,0,1,1,0,1,0,1
14032,12809,200000000,0,0,1,1,0,1,0,0
14048,12825,200000000,0,0,1,1,0,1,0,1
14066,12843,200000000,0,0,1,1,0,1,0,0
14074,12851,200000000,0,0,1,1,0,0,0,0
14082,12859,200000000,0,0,1,1,0,0,0,1
14100,12877,200000000,0,0,1,1,0,0,0,0
14108,12885,200000000,0,0,1,1,1,1,0,0
14116,12893,200000000,0,0,1,1,1,1,0,1
14132,12909,200000000,0,0,1,1,1,1,0,0
14148,12925,200000000,0,0,1,1,1,1,0,1
14166,12943,200000000,0,0,1,1,1,1,0,0
14174,12951,200000000,0,0,1,1,1,0,0,0
14182,12959,200000000,0,0,1,1,1,0,0,1
14200,12977,200000000,0,0,1,1,1,0,0,0
14208,12985,200000000,0,0,1,1,1,1,0,0
14216,12993,200000000,0,0,1,1,1,1,0,1
14232,13009,200000000,0,0,1,1,1,1,0,0
14234,13011,200000000,0,0,0,0,0,1,0,0
14248,13025,200000000,0,0,0,0,0,1,0,1
14258,13035,200000000,0,0,0,0,0,0,0,1
14266,13043,200000000,0,0,0,0,0,0,0,0
14282,13059,200000000,0,0,0,0,0,0,0,1
14290,13067,200000000,0,0,0,0,1,1,0,1
14300,13077,200000000,0,0,0,0,1,1,0,0
14308,13085,200000000,0,0,0,1,1,0,0,0
14316,13093,200000000,0,0,0,1,1,0,0,1
14324,13101,200000000,0,0,1,1,0,0,0,1
14332,13109,200000000,0,0,1,1,0,0,0,0
14340,13117,200000000,0,0,1,1,1,1,0,0
14348,13125,200000000,0,0,1,1,1,1,0,1
14366,13143,200000000,0,0,1,1,1,1,0,0
14382,13159,200000000,0,0,1,1,1,1,0,1
14400,13177,200000000,0,0,1,1,1,1,0,0
14416,13193,200000000,0,0,1,1,1,1,0,1
14432,13209,200000000,0,0,1,1,1,1,0,0
14448,13225,200000000,0,0,1,1,1,1,0,1
14466,13243,200000000,0,0,1,1,1,1,0,0
14482,13259,200000000,0,0,1,1,1,1,0,1
14500,13277,200000000,0,0,1,1,1,1,0,0
14516,13293,200000000,0,0,1,1,1,1,0,1
14532,13309,200000000,0,0,1,1,1,1,0,0
14548,13325,200000000,0,0,1,1,1,1,0,1
14566,13343,200000000,0,0,1,1,1,1,0,0
14582,13359,200000000,0,0,1,1,1,1,0,1
14600,13377,200000000,0,0,1,1,1,1,0,0
14616,13393,200000000,0,0,1,1,1,1,0,1
14632,13409,200000000,0,0,1,1,1,1,0,0
14634,13411,200000000,0,0,0,0,0,1,0,0
14648,13425,200000000,0,0,0,0,0,1,0,1
14650,13427,200000000,0,0,0,0,1,1,0,1
14666,13443,200000000,0,0,0,0,1,1,0,0
14668,13445,200000000,0,0,0,0,0,0,0,0
14682,13459,200000000,0,0,0,0,0,0,0,1
14684,13461,200000000,0,0,0,0,0,1,0,1
14700,13477,200000000,0,0,0,0,0,0,0,0
14716,13493,200000000,0,0,0,0,0,1,0,1
14732,13509,200000000,0,0,0,0,0,1,0,0
14734,13511,200000000,0,0,1,1,1,1,0,0
14748,13525,200000000,0,0,1,1,1,1,0,1
14750,13527,200000000,0,0,1,1,1,0,0,1
14766,13543,200000000,0,0,1,1,1,0,0,0
14768,13545,200000000,0,0,0,0,1,0,0,0
14782,13559,200000000,0,0,0,0,1,0,0,1
14784,13561,200000000,0,0,0,0,1,1,0,1
14800,13577,200000000,0,0,0,0,1,0,0,0
14816,13593,200000000,0,0,1,1,1,0,0,1
14832,13609,200000000,0,0,1,1,1,0,0,0
14834,13611,200000000,0,0,0,0,0,1,0,0
14848,13625,200000000,0,0,0,0,0,1,0,1
14866,13643,200000000,0,0,0,0,0,1,0,0
14868,13645,200000000,0,0,0,0,0,0,0,0
14882,13659,200000000,0,0,0,0,0,0,0,1
14900,13677,200000000,0,0,0,0,1,0,0,0
14916,13693,200000000,0,0,0,0,1,1,0,1
14932,13709,200000000,0,0,0,0,1,1,0,0
14934,13711,200000000,0,0,0,0,1,0,0,0
14948,13725,200000000,0,0,0,0,1,0,0,1
14950,13727,200000000,0,0,1,1,0,0,0,1
14966,13743,200000000,0,0,1,1,0,0,0,0
14968,13745,200000000,0,0,1,0,0,0,0,0
14982,13759,200000000,0,0,1,0,0,0,0,1
14984,13761,200000000,0,0,0,0,0,1,0,1
15000,13777,200000000,0,0,0,0,0,0,0,0
15016,13793,200000000,0,0,0,0,0,0,0,1
15032,13809,200000000,0,0,0,0,0,0,0,0
15034,13811,200000000,0,0,0,0,0,1,0,0
15048,13825,200000000,0,0,0,0,0,1,0,1
15050,13827,200000000,0,0,0,0,1,1,0,1
15066,13843,200000000,0,0,0,0,1,1,0,0
15068,13845,200000000,0,0,0,0,0,0,0,0
15082,13859,200000000,0,0,0,0,0,0,0,1
15084,13861,200000000,0,0,0,1,0,0,0,1
15100,13877,200000000,0,0,0,0,0,0,0,0
15116,13893,200000000,0,0,0,0,0,1,0,1
15132,13909,200000000,0,0,0,0,0,1,0,0
15134,13911,200000000,0,0,0,0,0,0,0,0
15148,13925,200000000,0,0,0,0,0,0,0,1
15150,13927,200000000,0,0,0,0,1,0,0,1
15166,13943,200000000,0,0,1,0,1,1,0,0
15168,13945,200000000,0,0,1,0,0,1,0,0
15182,13959,200000000,0,0,1,0,0,1,0,1
15184,13961,200000000,0,0,0,0,1,1,0,1
15200,13977,200000000,0,0,0,0,0,0,0,0
15216,13993,200000000,0,0,0,1,1,1,0,1
15232,14009,200000000,0,0,0,1,1,1,0,0
15234,14011,200000000,0,0,0,0,0,0,0,0
15248,14025,200000000,0,0,0,0,0,0,0,1
15250,14027,200000000,0,0,0,1,0,1,0,1
15266,14043,200000000,0,0,0,1,0,1,0,0
15268,14045,200000000,0,0,0,0,0,0,0,0
15282,14059,200000000,0,0,0,0,0,0,0,1
15300,14077,200000000,0,0,1,0,1,0,0,0
15316,14093,200000000,0,0,1,0,1,1,0,1
15318,14095,200000000,0,0,0,0,1,1,0,1
15332,14109,200000000,0,0,0,0,1,1,0,0
15334,14111,200000000,0,0,0,0,0,0,0,0
15348,14125,200000000,0,0,0,0,0,0,0,1
15350,14127,200000000,0,0,0,1,1,1,0,1
15366,14143,200000000,0,0,1,1,1,1,0,0
15382,14159,200000000,0,0,1,1,1,1,0,1
15384,14161,200000000,0,0,0,1,0,0,0,1
15400,14177,200000000,0,0,1,1,1,1,0,0
15416,14193,200000000,0,0,1,1,1,1,0,1
15418,14195,200000000,0,0,1,1,1,0,0,1
15432,14209,200000000,0,0,1,1,1,0,0,0
15434,14211,200000000,0,0,0,0,0,0,0,0
15448,14225,200000000,0,0,0,0,0,0,0,1
15450,14227,200000000,0,0,0,0,1,1,0,1
15466,14243,200000000,0,0,0,1,1,1,0,0
15468,14245,200000000,0,0,0,1,0,0,0,0
15482,14259,200000000,0,0,0,1,0,0,0,1
15484,14261,200000000,0,0,0,1,1,1,0,1
15500,14277,200000000,0,0,1,1,1,1,0,0
15516,14293,200000000,1,1,1,1,1,1,0,1
15518,14295,200000000,0,0,0,1,0,0,0,1
15532,14309,200000000,0,0,0,1,0,0,0,0
15534,14311,200000000,0,0,1,1,1,1,0,0
15548,14325,200000000,0,0,1,1,1,1,0,1
15550,14327,200000000,0,0,1,1,1,0,0,1
15566,14343,200000000,0,0,1,1,1,1,0,0
15568,14345,200000000,0,0,1,0,0,1,0,0
15582,14359,200000000,0,0,1,0,0,1,0,1
15584,14361,200000000,0,0,0,0,1,1,0,1
15600,14377,200000000,0,0,0,0,0,0,0,0
15616,14393,200000000,0,0,0,1,1,1,0,1
15632,14409,200000000,0,0,0,1,1,1,0,0
15634,14411,200000000,0,0,1,0,1,0,0,0
15648,14425,200000000,0,0,1,0,1,0,0,1
15650,14427,200000000,1,1,0,0,0,0,0,1
15652,14429,200000000,0,0,0,0,0,0,0,1
15666,14443,200000000,0,0,0,0,0,0,0,0
15682,14459,200000000,0,0,0,0,0,0,0,1
15700,14477,200000000,0,0,0,1,1,0,0,0
15716,14493,200000000,0,0,0,1,1,1,0,1
15718,14495,200000000,0,0,0,0,1,1,0,1
15732,14509,200000000,0,0,0,0,1,1,0,0
15734,14511,200000000,0,0,0,0,0,1,0,0
15748,14525,200000000,0,0,0,0,0,1,0,1
15750,14527,200000000,0,0,0,1,1,0,0,1
15766,14543,200000000,0,0,1,1,1,1,0,0
15782,14559,200000000,0,0,1,1,1,1,0,1
15784,14561,200000000,0,0,0,1,1,1,0,1
15800,14577,200000000,0,0,0,0,0,0,0,0
15816,14593,200000000,0,0,0,0,0,0,0,1
15832,14609,200000000,0,0,0,0,0,0,0,0
15834,14611,200000000,0,0,0,0,0,1,0,0
15848,14625,200000000,0,0,0,0,0,1,0,1
15850,14627,200000000,0,0,0,0,1,1,0,1
15866,14643,200000000,0,0,0,0,1,1,0,0
15868,14645,200000000,0,0,0,0,0,0,0,0
15882,14659,200000000,0,0,0,0,0,0,0,1
15884,14661,200000000,0,0,0,1,0,1,0,1
15900,14677,200000000,0,0,1,1,0,1,0,0
15916,14693,200000000,1,1,1,1,0,1,0,1
15918,14695,200000000,0,0,0,0,0,0,0,1
15932,14709,200000000,0,0,0,0,0,0,0,0
15948,14725,200000000,0,0,0,0,0,0,0,1
15966,14743,200000000,0,0,1,1,1,0,0,0
15982,14759,200000000,0,0,1,1,1,0,0,1
15984,14761,200000000,0,0,1,1,1,1,0,1
16000,14777,200000000,0,0,1,1,1,1,0,0
16016,14793,200000000,1,1,1,1,1,1,0,1
16018,14795,200000000,0,0,0,0,0,0,0,1
16032,14809,200000000,0,0,0,0,0,0,0,0
16034,14811,200000000,0,0,1,0,0,1,0,0
16048,14825,200000000,0,0,1,0,0,1,1,0
16050,14827,200000000,0,0,1,0,0,0,1,0
16066,14843,200000000,0,0,1,0,0,0,0,0
16070,14847,200000000,0,0,1,1,0,0,0,0
16074,14851,200000000,0,0,1,1,0,1,0,0
16082,14859,200000000,0,0,1,1,0,1,0,1
16100,14877,200000000,0,0,1,1,0,1,0,0
16116,14893,200000000,0,0,1,1,0,1,0,1
16132,14909,200000000,0,0,1,1,0,1,0,0
16148,14925,200000000,0,0,1,1,0,1,0,1
16166,14943,200000000,0,0,1,1,0,1,0,0
16174,14951,200000000,0,0,1,1,0,0,0,0
16182,14959,200000000,0,0,1,1,0,0,0,1
16200,14977,200000000,0,0,1,1,0,0,0,0
16208,14985,200000000,0,0,1,1,0,1,0,0
16210,14987,200000000,0,0,1,1,1,1,0,0
16216,14993,200000000,0,0,1,1,1,1,0,1
16232,15009,200000000,0,0,1,1,1,1,0,0
16248,15025,200000000,0,0,1,1,1,1,0,1
16266,15043,200000000,0,0,1,1,1,1,0,0
16274,15051,200000000,0,0,1,1,1,0,0,0
16282,15059,200000000,0,0,1,1,1,0,0,1
16300,15077,200000000,0,0,1,1,1,0,0,0
16308,15085,200000000,0,0,1,1,1,1,0,0
16316,15093,200000000,0,0,1,1,1,1,0,1
16332,15109,200000000,1,0,1,1,1,1,0,0
16334,15111,200000000,0,0,0,0,0,1,0,0
16348,15125,200000000,0,0,0,0,0,1,0,1
16358,15135,200000000,0,0,0,0,0,0,0,1
16366,15143,200000000,0,0,0,0,0,0,0,0
16382,15159,200000000,0,0,0,0,0,0,0,1
16390,15167,200000000,0,0,0,0,1,1,0,1
16400,15177,200000000,0,0,0,0,1,1,0,0
16408,15185,200000000,0,0,1,0,0,1,0,0
16416,15193,200000000,0,0,1,0,0,1,0,1
16424,15201,200000000,0,0,1,0,0,0,0,1
16432,15209,200000000,0,0,1,0,0,0,0,0
16440,15217,200000000,0,0,1,1,1,1,0,0
16448,15225,200000000,0,0,1,1,1,1,0,1
16466,15243,200000000,0,0,1,1,1,1,0,0
16482,15259,200000000,0,0,1,1,1,1,0,1
16500,15277,200000000,0,0,1,1,1,1,0,0
16516,15293,200000000,0,0,1,1,1,1,0,1
16532,15309,200000000,0,0,1,1,1,1,0,0
16548,15325,200000000,0,0,1,1,1,1,0,1
16566,15343,200000000,0,0,1,1,1,1,0,0
16582,15359,200000000,0,0,1,1,1,1,0,1
16600,15377,200000000,0,0,1,1,1,1,0,0
16616,15393,200000000,0,0,1,1,1,1,0,1
16632,15409,200000000,0,0,1,1,1,1,0,0
16648,15425,200000000,0,0,1,1,1,1,0,1
16666,15443,200000000,0,0,1,1,1,1,0,0
16682,15459,200000000,0,0,1,1,1,1,0,1
16698,15475,200000000,0,0,1,1,1,1,0,0
16716,15493,200000000,0,0,1,1,1,1,0,1
16732,15509,200000000,0,0,1,1,1,1,0,0
16734,15511,200000000,0,0,1,0,1,1,0,0
16748,15525,200000000,0,0,1,0,1,1,0,1
16750,15527,200000000,0,0,0,1,1,1,0,1
16766,15543,200000000,0,0,0,1,1,1,0,0
16768,15545,200000000,0,0,0,0,0,0,0,0
16782,15559,200000000,0,0,0,0,0,0,0,1
16784,15561,200000000,0,0,0,1,1,1,0,1
16800,15577,200000000,0,0,0,0,0,0,0,0
16816,15593,200000000,0,0,0,0,0,0,0,1
16832,15609,200000000,0,0,0,0,0,0,0,0
16848,15625,200000000,0,0,0,0,0,0,0,1
16850,15627,200000000,0,0,0,0,1,0,0,1
16866,15643,200000000,0,0,1,0,1,1,0,0
16868,15645,200000000,0,0,1,0,0,1,0,0
16882,15659,200000000,0,0,1,0,0,1,0,1
16884,15661,200000000,0,0,0,0,1,1,0,1
16900,15677,200000000,0,0,1,0,0,0,0,0
16916,15693,200000000,0,0,1,1,1,1,0,1
16918,15695,200000000,0,0,0,1,1,1,0,1
16932,15709,200000000,0,0,0,1,1,1,0,0
16934,15711,200000000,0,0,1,0,0,0,0,0
16948,15725,200000000,0,0,1,0,0,0,0,1
16950,15727,200000000,0,0,0,1,1,1,0,1
16966,15743,200000000,0,0,0,1,1,1,0,0
16968,15745,200000000,0,0,0,0,0,0,0,0
16982,15759,200000000,0,0,0,0,0,0,0,1
17000,15777,200000000,0,0,0,0,0,0,0,0
17016,15793,200000000,0,0,0,0,1,1,0,1
17032,15809,200000000,0,0,0,0,1,1,0,0
17034,15811,200000000,0,0,0,1,0,0,0,0
17048,15825,200000000,0,0,0,1,0,0,0,1
17050,15827,200000000,0,0,0,1,1,1,0,1
17066,15843,200000000,0,0,1,1,1,1,0,0
17082,15859,200000000,0,0,1,1,1,1,0,1
17084,15861,200000000,0,0,0,1,0,0,0,1
17098,15875,200000000,0,0,0,1,0,0,0,0
17100,15877,200000000,0,0,1,1,1,1,0,0
17116,15893,200000000,0,0,1,1,1,1,0,1
17118,15895,200000000,0,0,1,1,1,0,0,1
17132,15909,200000000,0,0,1,1,1,0,0,0
17134,15911,200000000,0,0,0,0,1,0,0,0
17148,15925,200000000,0,0,0,0,1,0,0,1
17150,15927,200000000,0,0,0,0,1,1,0,1
17166,15943,200000000,0,0,1,0,1,1,0,0
17168,15945,200000000,0,0,1,0,1,0,0,0
17182,15959,200000000,0,0,1,0,1,0,0,1
17184,15961,200000000,0,0,0,0,0,0,0,1
17198,15975,200000000,0,0,0,0,0,0,0,0
17200,15977,200000000,0,0,1,1,1,0,0,0
17216,15993,200000000,0,0,1,1,1,1,0,1
17218,15995,200000000,0,0,0,1,1,1,0,1
17232,16009,200000000,0,0,0,1,1,1,0,0
17234,16011,200000000,0,0,0,0,0,0,0,0
17248,16025,200000000,0,0,0,0,0,0,0,1
17266,16043,200000000,0,0,0,0,0,1,0,0
17282,16059,200000000,0,0,0,0,0,1,0,1
17284,16061,200000000,0,0,0,0,1,1,0,1
17298,16075,200000000,0,0,0,0,1,1,0,0
17300,16077,200000000,0,0,0,0,0,0,0,0
17316,16093,200000000,0,0,0,0,0,0,0,1
17332,16109,200000000,0,0,0,0,0,0,0,0
17348,16125,200000000,0,0,0,0,0,0,0,1
17366,16143,200000000,0,0,0,0,0,0,0,0
17382,16159,200000000,0,0,0,0,0,0,0,1
17398,16175,200000000,0,0,0,0,0,0,0,0
17400,16177,200000000,0,0,1,0,0,0,0,0
17416,16193,200000000,0,0,0,0,1,1,0,1
17432,16209,200000000,0,0,0,0,1,1,0,0
17434,16211,200000000,0,0,0,0,1,0,0,0
17448,16225,200000000,0,0,0,0,1,0,0,1
17450,16227,200000000,0,0,0,0,0,0,0,1
17466,16243,200000000,0,0,1,1,0,0,0,0
17482,16259,200000000,0,0,1,1,0,0,0,1
17484,16261,200000000,0,0,0,0,0,1,0,1
17500,16277,200000000,0,0,0,0,0,0,0,0
17516,16293,200000000,0,0,0,0,0,1,0,1
17532,16309,200000000,0,0,0,0,0,1,0,0
17534,16311,200000000,0,0,0,0,0,0,0,0
17548,16325,200000000,0,0,0,0,0,0,0,1
17550,16327,200000000,0,0,0,0,1,1,0,1
17566,16343,200000000,0,0,0,0,1,1,0,0
17568,16345,200000000,0,0,0,0,1,0,0,0
17582,16359,200000000,0,0,0,0,1,0,0,1
17584,16361,200000000,0,0,0,1,0,0,0,1
17598,16375,200000000,0,0,0,1,0,0,0,0
17600,16377,200000000,0,0,1,0,0,0,0,0
17616,16393,200000000,0,0,0,0,0,1,0,1
17632,16409,200000000,0,0,0,0,0,1,0,0
17634,16411,200000000,0,0,0,0,0,0,0,0
17648,16425,200000000,0,0,0,0,0,0,0,1
17650,16427,200000000,0,0,0,0,0,1,0,1
17666,16443,200000000,0,0,0,0,0,1,0,0
17682,16459,200000000,0,0,0,0,0,1,0,1
17684,16461,200000000,0,0,0,0,1,1,0,1
17698,16475,200000000,0,0,0,0,1,1,0,0
17700,16477,200000000,0,0,0,0,0,0,0,0
17716,16493,200000000,0,0,0,0,0,1,0,1
17732,16509,200000000,0,0,0,0,0,1,0,0
17734,16511,200000000,0,0,0,0,0,0,0,0
17748,16525,200000000,0,0,0,0,0,0,0,1
17750,16527,200000000,0,0,0,0,0,1,0,1
17766,16543,200000000,0,0,0,0,0,1,0,0
17768,16545,200000000,0,0,0,0,0,0,0,0
17782,16559,200000000,0,0,0,0,0,0,0,1
17784,16561,200000000,0,0,0,0,1,0,0,1
17798,16575,200000000,0,0,0,0,1,0,0,0
17800,16577,200000000,0,0,0,1,1,0,0,0
17816,16593,200000000,0,0,0,1,1,1,0,1
17832,16609,200000000,0,0,0,1,1,1,0,0
17834,16611,200000000,0,0,1,0,0,0,0,0
17848,16625,200000000,0,0,1,0,0,0,0,1
17850,16627,200000000,0,0,0,0,0,0,0,1
17866,16643,200000000,0,0,0,0,0,0,0,0
17882,16659,200000000,0,0,0,0,0,0,0,1
17898,16675,200000000,0,0,0,0,0,0,0,0
17916,16693,200000000,0,0,0,0,0,0,0,1
17932,16709,200000000,0,0,0,0,0,0,0,0
17934,16711,200000000,0,0,0,0,0,1,0,0
17948,16725,200000000,0,0,0,0,0,1,0,1
17950,16727,200000000,0,0,0,0,1,1,0,1
17966,16743,200000000,0,0,0,0,1,1,0,0
17968,16745,200000000,0,0,0,0,0,0,0,0
17982,16759,200000000,0,0,0,0,0,0,0,1
17984,16761,200000000,0,0,0,0,0,1,0,1
17998,16775,200000000,0,0,0,0,0,1,0,0
18000,16777,200000000,0,0,0,0,0,0,0,0
18016,16793,200000000,0,0,0,0,0,1,0,1
18032,16809,200000000,0,0,0,0,0,1,0,0
18034,16811,200000000,0,0,1,1,1,1,0,0
18048,16825,200000000,0,0,1,1,1,1,0,1
18050,16827,200000000,0,0,1,1,1,0,0,1
18066,16843,200000000,0,0,1,1,1,0,0,0
18068,16845,200000000,0,0,0,0,1,0,0,0
18082,16859,200000000,0,0,0,0,1,0,1,0
18084,16861,200000000,0,0,0,0,0,0,1,0
18098,16875,200000000,0,0,1,0,1,0,0,0
18102,16879,200000000,0,0,1,1,1,0,0,0
18108,16885,200000000,0,0,1,1,1,1,0,0
18116,16893,200000000,0,0,1,1,1,1,0,1
18132,16909,200000000,0,0,1,1,1,1,0,0
18148,16925,200000000,0,0,1,1,1,1,0,1
18166,16943,200000000,0,0,1,1,1,1,0,0
18182,16959,200000000,0,0,1,1,1,1,0,1
18198,16975,200000000,0,0,1,1,1,1,0,0
18208,16985,200000000,0,0,1,1,1,0,0,0
18216,16993,200000000,0,0,1,1,1,0,0,1
18232,17009,200000000,0,0,1,1,1,0,0,0
18240,17017,200000000,0,0,1,1,1,1,0,0
18248,17025,200000000,0,0,1,1,1,1,0,1
18266,17043,200000000,0,0,1,1,1,1,0,0
18282,17059,200000000,0,0,1,1,1,1,0,1
18298,17075,200000000,0,0,1,1,1,1,0,0
18308,17085,200000000,0,0,1,1,1,0,0,0
18316,17093,200000000,0,0,1,1,1,0,0,1
18332,17109,200000000,0,0,1,1,1,0,0,0
18340,17117,200000000,0,0,1,1,1,1,0,0
18348,17125,200000000,0,0,1,1,1,1,0,1
18366,17143,200000000,0,1,0,0,0,1,0,0
18368,17145,200000000,0,0,0,0,0,1,0,0
18382,17159,200000000,0,0,0,0,0,1,0,1
18390,17167,200000000,0,0,0,0,0,0,0,1
18398,17175,200000000,0,0,0,0,0,0,0,0
18416,17193,200000000,0,0,0,0,0,0,0,1
18424,17201,200000000,0,0,0,0,1,1,0,1
18432,17209,200000000,0,0,0,0,1,1,0,0
18440,17217,200000000,0,0,1,0,0,1,0,0
18448,17225,200000000,0,0,1,0,0,1,0,1
18458,17235,200000000,0,0,1,1,0,0,0,1
18466,17243,200000000,0,0,1,1,0,0,0,0
18474,17251,200000000,0,0,1,1,1,1,0,0
18482,17259,200000000,0,0,1,1,1,1,0,1
18498,17275,200000000,0,0,1,1,1,1,0,0
18516,17293,200000000,0,0,1,1,1,1,0,1
18532,17309,200000000,0,0,1,1,1,1,0,0
18548,17325,200000000,0,0,1,1,1,1,0,1
18566,17343,200000000,0,0,1,1,1,1,0,0
18582,17359,200000000,0,0,1,1,1,1,0,1
18598,17375,200000000,0,0,1,1,1,1,0,0
18616,17393,200000000,0,0,1,1,1,1,0,1
18632,17409,200000000,0,0,1,1,1,1,0,0
18648,17425,200000000,0,0,1,1,1,1,0,1
18666,17443,200000000,0,0,1,1,1,1,0,0
18682,17459,200000000,0,0,1,1,1,1,0,1
18698,17475,200000000,0,0,1,1,1,1,0,0
18716,17493,200000000,0,0,1,1,1,1,0,1
18732,17509,200000000,0,0,1,1,1,1,0,0
18748,17525,200000000,0,0,1,1,1,1,0,1
18766,17543,200000000,0,0,1,1,0,1,0,0
18768,17545,200000000,0,0,1,0,0,1,0,0
18782,17559,200000000,0,0,1,0,0,1,0,1
18784,17561,200000000,0,0,0,0,1,1,0,1
18798,17575,200000000,0,0,0,0,1,1,0,0
18800,17577,200000000,0,0,1,0,0,0,0,0
18816,17593,200000000,0,0,0,1,1,1,0,1
18832,17609,200000000,0,0,0,1,1,1,0,0
18834,17611,200000000,0,0,1,0,0,0,0,0
18848,17625,200000000,0,0,1,0,0,0,0,1
18850,17627,200000000,0,0,0,1,1,1,0,1
18866,17643,200000000,0,0,0,1,1,1,0,0
18868,17645,200000000,0,0,0,0,0,0,0,0
18882,17659,200000000,0,0,0,0,0,0,0,1
18898,17675,200000000,0,0,0,0,0,0,0,0
18916,17693,200000000,0,0,0,0,1,1,0,1
18932,17709,200000000,0,0,0,0,1,1,0,0
18934,17711,200000000,0,0,0,1,0,0,0,0
18948,17725,200000000,0,0,0,1,0,0,0,1
18950,17727,200000000,0,0,0,1,1,1,0,1
18966,17743,200000000,0,0,1,1,1,1,0,0
18982,17759,200000000,0,0,1,1,1,1,0,1
18984,17761,200000000,0,0,0,1,0,0,0,1
18998,17775,200000000,0,0,0,1,0,0,0,0
19000,17777,200000000,0,0,1,1,1,1,0,0
19016,17793,200000000,0,0,1,1,1,0,0,1
19032,17809,200000000,0,0,1,1,1,0,0,0
19034,17811,200000000,0,0,0,0,1,0,0,0
19048,17825,200000000,0,0,0,0,1,0,0,1
19050,17827,200000000,0,0,0,0,1,1,0,1
19066,17843,200000000,0,0,1,0,1,1,0,0
19068,17845,200000000,0,0,1,0,1,0,0,0
19082,17859,200000000,0,0,1,0,1,0,0,1
19084,17861,200000000,0,0,0,0,0,0,0,1
19098,17875,200000000,0,0,0,0,0,0,0,0
19100,17877,200000000,0,0,1,1,1,0,0,0
19116,17893,200000000,0,0,0,1,1,1,0,1
19132,17909,200000000,0,0,0,1,1,1,0,0
19134,17911,200000000,0,0,0,0,0,0,0,0
19148,17925,200000000,0,0,0,0,0,0,0,1
19166,17943,200000000,0,0,0,0,0,1,0,0
19182,17959,200000000,0,0,0,0,0,1,0,1
19184,17961,200000000,0,0,0,0,1,1,0,1
19198,17975,200000000,0,0,0,0,1,1,0,0
19200,17977,200000000,0,0,0,0,0,0,0,0
19216,17993,200000000,0,0,0,0,0,0,0,1
19232,18009,200000000,0,0,0,0,0,0,0,0
19248,18025,200000000,0,0,0,0,0,0,0,1
19266,18043,200000000,0,0,0,0,0,0,0,0
19282,18059,200000000,0,0,0,0,0,0,0,1
19298,18075,200000000,0,0,0,0,0,0,0,0
19300,18077,200000000,0,0,1,0,0,0,0,0
19316,18093,200000000,0,0,0,0,1,1,0,1
19332,18109,200000000,0,0,0,0,1,1,0,0
19334,18111,200000000,0,0,0,0,1,0,0,0
19348,18125,200000000,0,0,0,0,1,0,0,1
19350,18127,200000000,0,0,0,0,0,0,0,1
19366,18143,200000000,0,0,1,1,0,0,0,0
19382,18159,200000000,0,0,1,1,0,0,0,1
19384,18161,200000000,0,0,0,0,0,1,0,1
19398,18175,200000000,0,0,0,0,0,1,0,0
19400,18177,200000000,0,0,0,0,0,0,0,0
19416,18193,200000000,0,0,0,0,0,1,0,1
19432,18209,200000000,0,0,0,0,0,1,0,0
19434,18211,200000000,0,0,0,0,0,0,0,0
19448,18225,200000000,0,0,0,0,0,0,0,1
19450,18227,200000000,0,0,0,0,1,1,0,1
19466,18243,200000000,0,0,0,0,1,1,0,0
19468,18245,200000000,0,0,0,0,1,0,0,0
19482,18259,200000000,0,0,0,0,1,0,0,1
19484,18261,200000000,0,0,0,1,0,0,0,1
19498,18275,200000000,0,0,0,1,0,0,0,0
19500,18277,200000000,0,0,1,0,0,0,0,0
19516,18293,200000000,0,0,0,0,0,1,0,1
19532,18309,200000000,0,0,0,0,0,1,0,0
19534,18311,200000000,0,0,0,0,0,0,0,0
24576,23353,200000000,0,0,0,0,0,0,0,0
